1745125493061 0.0234 0
1745125499824 0.04345 1
1745125506158 0.06791 2
1745125513333 0.1264 3
1745125519549 0.16994 4
1745125526325 0.20002 5
1745125533060 0.23024 6
1745125539365 0.22659 7
1745125545616 0.24984 8
1745125551815 0.25206 9
1745125558078 0.25315 10
1745125564324 0.26525 11
1745125570521 0.28447 12
1745125576656 0.29456 13
1745125582768 0.29566 14
1745125588999 0.29325 15
1745125595086 0.29086 16
1745125601358 0.28474 17
1745125607488 0.30451 18
1745125613722 0.29502 19
1745125619932 0.31048 20
1745125626203 0.31615 21
1745125632366 0.3311 22
1745125638586 0.31814 23
1745125644863 0.32353 24
1745125651035 0.32513 25
1745125657229 0.33244 26
1745125663342 0.32333 27
1745125669426 0.31962 28
1745125675504 0.33793 29
1745125681592 0.32663 30
1745125688197 0.34294 31
1745125696126 0.34202 32
1745125702267 0.34418 33
1745125708287 0.35949 34
1745125714330 0.33804 35
1745125720516 0.33465 36
1745125726585 0.33822 37
1745125732567 0.35412 38
1745125738579 0.35193 39
1745125744684 0.34638 40
1745125751540 0.33511 41
1745125757526 0.35111 42
1745125763518 0.3531 43
1745125769558 0.33908 44
1745125775635 0.36052 45
1745125781958 0.358 46
1745125787953 0.3559 47
1745125794067 0.36402 48
1745125800085 0.36047 49
1745125806127 0.35432 50
1745125812288 0.35569 51
1745125819633 0.36195 52
1745125827935 0.35153 53
1745125834341 0.36031 54
1745125841595 0.36537 55
1745125852726 0.37079 56
1745125861790 0.35677 57
1745125873033 0.35902 58
1745125883979 0.35445 59
1745125896065 0.37683 60
1745125909014 0.36157 61
1745125919494 0.37999 62
1745125930710 0.37437 63
1745125942672 0.37272 64
1745125952948 0.37155 65
1745125965758 0.36857 66
1745125977320 0.3712 67
1745125990268 0.36682 68
1745126002286 0.3639 69
1745126013670 0.37018 70
1745126024280 0.36852 71
1745126036932 0.37352 72
1745126049773 0.37083 73
1745126061128 0.36655 74
1745126072602 0.37221 75
1745126083600 0.37437 76
1745126096474 0.37487 77
1745126108911 0.37277 78
1745126120658 0.37274 79
1745126132092 0.37445 80
1745126142926 0.38151 81
1745126155958 0.38017 82
1745126168277 0.38121 83
1745126179745 0.38101 84
1745126190558 0.38302 85
1745126202716 0.38612 86
1745126215677 0.38289 87
1745126227537 0.38112 88
1745126239533 0.38043 89
1745126252997 0.36457 90
1745126263861 0.36501 91
1745126275921 0.36416 92
1745126288391 0.37143 93
1745126299908 0.37199 94
1745126311097 0.37441 95
1745126322011 0.37165 96
1745126334571 0.3743 97
1745126346631 0.3756 98
1745126357452 0.37423 99
1745126368034 0.38695760953458663 99
