1745125493061 0.03958 0
1745125499824 0.07492 1
1745125506158 0.13298 2
1745125513333 0.25521 3
1745125519549 0.33877 4
1745125526325 0.40565 5
1745125533060 0.44268 6
1745125539365 0.44785 7
1745125545616 0.48072 8
1745125551815 0.48253 9
1745125558078 0.4806 10
1745125564324 0.50446 11
1745125570521 0.53459 12
1745125576656 0.54067 13
1745125582768 0.54884 14
1745125588999 0.54675 15
1745125595086 0.54307 16
1745125601358 0.55192 17
1745125607488 0.56567 18
1745125613722 0.54808 19
1745125619932 0.56183 20
1745125626203 0.58322 21
1745125632366 0.59995 22
1745125638586 0.5974 23
1745125644863 0.60594 24
1745125651035 0.60255 25
1745125657229 0.58987 26
1745125663342 0.59925 27
1745125669426 0.59193 28
1745125675504 0.61694 29
1745125681592 0.60584 30
1745125688197 0.61923 31
1745125696126 0.61869 32
1745125702267 0.62041 33
1745125708287 0.63502 34
1745125714330 0.60699 35
1745125720516 0.62072 36
1745125726585 0.61645 37
1745125732567 0.6316 38
1745125738579 0.62902 39
1745125744684 0.62545 40
1745125751540 0.61316 41
1745125757526 0.63994 42
1745125763518 0.64167 43
1745125769558 0.62104 44
1745125775635 0.64782 45
1745125781958 0.6423 46
1745125787953 0.64748 47
1745125794067 0.65772 48
1745125800085 0.62293 49
1745125806127 0.62613 50
1745125812288 0.6436 51
1745125819633 0.64689 52
1745125827935 0.63831 53
1745125834341 0.63352 54
1745125841595 0.65497 55
1745125852726 0.6525 56
1745125861790 0.64877 57
1745125873033 0.64618 58
1745125883979 0.63915 59
1745125896065 0.66436 60
1745125909014 0.65876 61
1745125919494 0.66373 62
1745125930710 0.66995 63
1745125942672 0.66311 64
1745125952948 0.65413 65
1745125965758 0.64828 66
1745125977320 0.65755 67
1745125990268 0.64922 68
1745126002286 0.65381 69
1745126013670 0.66331 70
1745126024280 0.67021 71
1745126036932 0.67325 72
1745126049773 0.66221 73
1745126061128 0.65827 74
1745126072602 0.66101 75
1745126083600 0.65775 76
1745126096474 0.65989 77
1745126108911 0.6664 78
1745126120658 0.66444 79
1745126132092 0.66491 80
1745126142926 0.67377 81
1745126155958 0.66717 82
1745126168277 0.67307 83
1745126179745 0.66738 84
1745126190558 0.67029 85
1745126202716 0.6703 86
1745126215677 0.66813 87
1745126227537 0.66706 88
1745126239533 0.66573 89
1745126252997 0.65689 90
1745126263861 0.65302 91
1745126275921 0.65238 92
1745126288391 0.65199 93
1745126299908 0.65088 94
1745126311097 0.6537 95
1745126322011 0.65755 96
1745126334571 0.66118 97
1745126346631 0.66014 98
1745126357452 0.65986 99
1745126368034 0.670068865831566 99
