1745125493061 0.01285 0
1745125499824 0.01205 1
1745125506158 0.90212 2
1745125513333 0.57402 3
1745125519549 0.4961 4
1745125526325 0.51313 5
1745125533060 0.56108 6
1745125539365 0.61679 7
1745125545616 0.66271 8
1745125551815 0.62969 9
1745125558078 0.57992 10
1745125564324 0.61055 11
1745125570521 0.6838 12
1745125576656 0.70333 13
1745125582768 0.64385 14
1745125588999 0.63139 15
1745125595086 0.67807 16
1745125601358 0.7033 17
1745125607488 0.72058 18
1745125613722 0.65141 19
1745125619932 0.67986 20
1745125626203 0.7646 21
1745125632366 0.7265 22
1745125638586 0.68537 23
1745125644863 0.72124 24
1745125651035 0.66779 25
1745125657229 0.67741 26
1745125663342 0.70802 27
1745125669426 0.716 28
1745125675504 0.67996 29
1745125681592 0.74385 30
1745125688197 0.70461 31
1745125696126 0.67634 32
1745125702267 0.73095 33
1745125708287 0.73582 34
1745125714330 0.69207 35
1745125720516 0.7534 36
1745125726585 0.72233 37
1745125732567 0.73109 38
1745125738579 0.75114 39
1745125744684 0.72066 40
1745125751540 0.66263 41
1745125757526 0.72001 42
1745125763518 0.7579 43
1745125769558 0.73984 44
1745125775635 0.77218 45
1745125781958 0.75282 46
1745125787953 0.73887 47
1745125794067 0.71361 48
1745125800085 0.71101 49
1745125806127 0.7421 50
1745125812288 0.76318 51
1745125819633 0.76509 52
1745125827935 0.7409 53
1745125834341 0.72481 54
1745125841595 0.75714 55
1745125852726 0.77699 56
1745125861790 0.7439 57
1745125873033 0.75439 58
1745125883979 0.77714 59
1745125896065 0.79227 60
1745125909014 0.80577 61
1745125919494 0.78167 62
1745125930710 0.79439 63
1745125942672 0.78883 64
1745125952948 0.74316 65
1745125965758 0.75598 66
1745125977320 0.80098 67
1745125990268 0.79463 68
1745126002286 0.76012 69
1745126013670 0.73496 70
1745126024280 0.76863 71
1745126036932 0.80124 72
1745126049773 0.7962 73
1745126061128 0.73443 74
1745126072602 0.7766 75
1745126083600 0.76593 76
1745126096474 0.78948 77
1745126108911 0.77334 78
1745126120658 0.79171 79
1745126132092 0.74695 80
1745126142926 0.76738 81
1745126155958 0.79372 82
1745126168277 0.79736 83
1745126179745 0.78423 84
1745126190558 0.78269 85
1745126202716 0.8154 86
1745126215677 0.79868 87
1745126227537 0.7895 88
1745126239533 0.79289 89
1745126252997 0.77661 90
1745126263861 0.76697 91
1745126275921 0.78595 92
1745126288391 0.76212 93
1745126299908 0.76217 94
1745126311097 0.75922 95
1745126322011 0.77167 96
1745126334571 0.7817 97
1745126346631 0.77437 98
1745126357452 0.79646 99
1745126368034 0.8152334086329615 99
