1745125493061 0.13674 0
1745125499824 0.21379 1
1745125506158 0.03393 2
1745125513333 0.2132 3
1745125519549 0.35391 4
1745125526325 0.40628 5
1745125533060 0.4157 6
1745125539365 0.39573 7
1745125545616 0.42961 8
1745125551815 0.46932 9
1745125558078 0.45325 10
1745125564324 0.47565 11
1745125570521 0.49405 12
1745125576656 0.4773 13
1745125582768 0.51995 14
1745125588999 0.50326 15
1745125595086 0.49778 16
1745125601358 0.50056 17
1745125607488 0.53096 18
1745125613722 0.50196 19
1745125619932 0.50584 20
1745125626203 0.51647 21
1745125632366 0.54065 22
1745125638586 0.52187 23
1745125644863 0.56976 24
1745125651035 0.56693 25
1745125657229 0.56216 26
1745125663342 0.54561 27
1745125669426 0.53587 28
1745125675504 0.59032 29
1745125681592 0.5484 30
1745125688197 0.57677 31
1745125696126 0.59079 32
1745125702267 0.56613 33
1745125708287 0.57786 34
1745125714330 0.58859 35
1745125720516 0.55245 36
1745125726585 0.57469 37
1745125732567 0.56177 38
1745125738579 0.57736 39
1745125744684 0.57318 40
1745125751540 0.58871 41
1745125757526 0.57245 42
1745125763518 0.58431 43
1745125769558 0.55663 44
1745125775635 0.56663 45
1745125781958 0.58475 46
1745125787953 0.59497 47
1745125794067 0.60872 48
1745125800085 0.58744 49
1745125806127 0.56505 50
1745125812288 0.58585 51
1745125819633 0.58633 52
1745125827935 0.59343 53
1745125834341 0.5896 54
1745125841595 0.60629 55
1745125852726 0.58734 56
1745125861790 0.59009 57
1745125873033 0.56688 58
1745125883979 0.55753 59
1745125896065 0.58701 60
1745125909014 0.58282 61
1745125919494 0.58893 62
1745125930710 0.58904 63
1745125942672 0.58716 64
1745125952948 0.59895 65
1745125965758 0.59041 66
1745125977320 0.58563 67
1745125990268 0.56671 68
1745126002286 0.59386 69
1745126013670 0.60774 70
1745126024280 0.61174 71
1745126036932 0.60149 72
1745126049773 0.59451 73
1745126061128 0.62189 74
1745126072602 0.59672 75
1745126083600 0.59641 76
1745126096474 0.58126 77
1745126108911 0.60252 78
1745126120658 0.59727 79
1745126132092 0.61162 80
1745126142926 0.60412 81
1745126155958 0.59254 82
1745126168277 0.59947 83
1745126179745 0.60584 84
1745126190558 0.60086 85
1745126202716 0.58106 86
1745126215677 0.60346 87
1745126227537 0.59897 88
1745126239533 0.59575 89
1745126252997 0.61223 90
1745126263861 0.60778 91
1745126275921 0.59598 92
1745126288391 0.60747 93
1745126299908 0.61627 94
1745126311097 0.61821 95
1745126322011 0.61383 96
1745126334571 0.61259 97
1745126346631 0.61662 98
1745126357452 0.59946 99
1745126368034 0.5810657176797903 99
