1746630312760 0.25795 0
1746630353366 0.35576 1
1746630393661 0.36217 2
1746630433336 0.41166 3
1746630473673 0.44708 4
1746630514712 0.47153 5
1746630555022 0.48268 6
1746630595966 0.52936 7
1746630636229 0.5355 8
1746630677538 0.54994 9
1746630717900 0.57819 10
1746630758758 0.59891 11
1746630798736 0.60096 12
1746630838768 0.62181 13
1746630878637 0.63689 14
1746630918497 0.62914 15
1746630959192 0.64119 16
1746630999365 0.64274 17
1746631039236 0.63215 18
1746631079174 0.65111 19
1746631118912 0.65457 20
1746631158832 0.64887 21
1746631199707 0.6708 22
1746631239751 0.68204 23
1746631280939 0.67494 24
1746631321378 0.6865 25
1746631361635 0.67718 26
1746631401901 0.66765 27
1746631442551 0.68129 28
1746631482682 0.69158 29
1746631523252 0.68873 30
1746631565690 0.70249 31
1746631605906 0.70935 32
1746631646511 0.69883 33
1746631686720 0.72705 34
1746631726704 0.7065 35
1746631766885 0.70736 36
1746631807420 0.72053 37
1746631847785 0.7275 38
1746631887651 0.72341 39
1746631927923 0.71549 40
1746631967958 0.72489 41
1746632007713 0.72764 42
1746632047469 0.7222 43
1746632087412 0.72666 44
1746632127730 0.72908 45
1746632167475 0.73702 46
1746632207545 0.7417 47
1746632247812 0.73988 48
1746632287516 0.73158 49
1746632327591 0.74391 50
1746632367458 0.73939 51
1746632407678 0.74494 52
1746632447380 0.73444 53
1746632487415 0.73501 54
1746632527502 0.74896 55
1746632567388 0.74015 56
1746632607253 0.75376 57
1746632647424 0.74799 58
1746632687712 0.75166 59
1746632727876 0.74883 60
1746632767589 0.7495 61
1746632807439 0.75556 62
1746632847576 0.75013 63
1746632887774 0.7558 64
1746632927508 0.75566 65
1746632967714 0.76028 66
1746633007682 0.75443 67
1746633047378 0.755 68
1746633087307 0.74944 69
1746633127427 0.75842 70
1746633167698 0.75844 71
1746633207904 0.761 72
1746633248151 0.76383 73
1746633287962 0.76979 74
1746633328358 0.77179 75
1746633368196 0.77263 76
1746633407866 0.77049 77
1746633447589 0.76786 78
1746633488140 0.76646 79
1746633528026 0.76562 80
1746633567796 0.76312 81
1746633608146 0.7691 82
1746633648324 0.77743 83
1746633688536 0.77433 84
1746633729064 0.77468 85
1746633769458 0.77014 86
1746633810266 0.77615 87
1746633850674 0.77803 88
1746633890942 0.7762 89
1746633932705 0.77485 90
1746633972686 0.76875 91
1746634012331 0.77219 92
1746634051724 0.76891 93
1746634093176 0.76716 94
1746634132507 0.77093 95
1746634171994 0.7707 96
1746634211213 0.76624 97
1746634251607 0.76815 98
1746634290971 0.7716 99
1746634301673 0.7715986739575483 99
