1746630312760 0.16013 0
1746630353366 0.21691 1
1746630393661 0.22453 2
1746630433336 0.24847 3
1746630473673 0.27387 4
1746630514712 0.29369 5
1746630555022 0.30492 6
1746630595966 0.33515 7
1746630636229 0.32703 8
1746630677538 0.33842 9
1746630717900 0.35888 10
1746630758758 0.37282 11
1746630798736 0.37623 12
1746630838768 0.39257 13
1746630878637 0.39679 14
1746630918497 0.39726 15
1746630959192 0.41411 16
1746630999365 0.41509 17
1746631039236 0.39727 18
1746631079174 0.41898 19
1746631118912 0.42228 20
1746631158832 0.42149 21
1746631199707 0.4341 22
1746631239751 0.43826 23
1746631280939 0.44073 24
1746631321378 0.44892 25
1746631361635 0.44165 26
1746631401901 0.43014 27
1746631442551 0.44004 28
1746631482682 0.45123 29
1746631523252 0.45334 30
1746631565690 0.46109 31
1746631605906 0.46604 32
1746631646511 0.46219 33
1746631686720 0.47445 34
1746631726704 0.46781 35
1746631766885 0.46149 36
1746631807420 0.47291 37
1746631847785 0.4772 38
1746631887651 0.47647 39
1746631927923 0.47448 40
1746631967958 0.47342 41
1746632007713 0.47895 42
1746632047469 0.4746 43
1746632087412 0.4861 44
1746632127730 0.48862 45
1746632167475 0.48629 46
1746632207545 0.49507 47
1746632247812 0.48858 48
1746632287516 0.4852 49
1746632327591 0.50048 50
1746632367458 0.49428 51
1746632407678 0.4998 52
1746632447380 0.49362 53
1746632487415 0.497 54
1746632527502 0.50662 55
1746632567388 0.50318 56
1746632607253 0.50901 57
1746632647424 0.50504 58
1746632687712 0.5057 59
1746632727876 0.50254 60
1746632767589 0.50875 61
1746632807439 0.51188 62
1746632847576 0.50876 63
1746632887774 0.50839 64
1746632927508 0.51068 65
1746632967714 0.518 66
1746633007682 0.51427 67
1746633047378 0.50792 68
1746633087307 0.51234 69
1746633127427 0.51288 70
1746633167698 0.52047 71
1746633207904 0.51931 72
1746633248151 0.5226 73
1746633287962 0.52834 74
1746633328358 0.52909 75
1746633368196 0.52881 76
1746633407866 0.53145 77
1746633447589 0.52506 78
1746633488140 0.52565 79
1746633528026 0.52756 80
1746633567796 0.52383 81
1746633608146 0.52827 82
1746633648324 0.53179 83
1746633688536 0.53419 84
1746633729064 0.53476 85
1746633769458 0.53375 86
1746633810266 0.53563 87
1746633850674 0.53569 88
1746633890942 0.53543 89
1746633932705 0.53453 90
1746633972686 0.53195 91
1746634012331 0.53639 92
1746634051724 0.53334 93
1746634093176 0.53315 94
1746634132507 0.53211 95
1746634171994 0.53527 96
1746634211213 0.53314 97
1746634251607 0.53229 98
1746634290971 0.53679 99
1746634301673 0.5368036991499429 99
