1746630312760 0.56369 0
1746630353366 0.37449 1
1746630393661 0.46253 2
1746630433336 0.45397 3
1746630473673 0.46051 4
1746630514712 0.53111 5
1746630555022 0.5099 6
1746630595966 0.5262 7
1746630636229 0.56065 8
1746630677538 0.56071 9
1746630717900 0.58819 10
1746630758758 0.61536 11
1746630798736 0.59979 12
1746630838768 0.64136 13
1746630878637 0.66377 14
1746630918497 0.67299 15
1746630959192 0.67496 16
1746630999365 0.67113 17
1746631039236 0.63536 18
1746631079174 0.69034 19
1746631118912 0.65758 20
1746631158832 0.72522 21
1746631199707 0.67292 22
1746631239751 0.69293 23
1746631280939 0.70381 24
1746631321378 0.73513 25
1746631361635 0.6998 26
1746631401901 0.68338 27
1746631442551 0.7035 28
1746631482682 0.72933 29
1746631523252 0.70363 30
1746631565690 0.70002 31
1746631605906 0.7321 32
1746631646511 0.76011 33
1746631686720 0.73645 34
1746631726704 0.72505 35
1746631766885 0.74158 36
1746631807420 0.76038 37
1746631847785 0.7488 38
1746631887651 0.73985 39
1746631927923 0.72964 40
1746631967958 0.756 41
1746632007713 0.76042 42
1746632047469 0.73459 43
1746632087412 0.76616 44
1746632127730 0.74713 45
1746632167475 0.76789 46
1746632207545 0.80791 47
1746632247812 0.76454 48
1746632287516 0.76189 49
1746632327591 0.7677 50
1746632367458 0.76671 51
1746632407678 0.76882 52
1746632447380 0.75312 53
1746632487415 0.76039 54
1746632527502 0.79133 55
1746632567388 0.76912 56
1746632607253 0.78772 57
1746632647424 0.76329 58
1746632687712 0.79783 59
1746632727876 0.75437 60
1746632767589 0.75775 61
1746632807439 0.78405 62
1746632847576 0.7704 63
1746632887774 0.78486 64
1746632927508 0.78213 65
1746632967714 0.77992 66
1746633007682 0.7808 67
1746633047378 0.77238 68
1746633087307 0.75612 69
1746633127427 0.78355 70
1746633167698 0.81241 71
1746633207904 0.79833 72
1746633248151 0.78122 73
1746633287962 0.79818 74
1746633328358 0.77936 75
1746633368196 0.78565 76
1746633407866 0.80068 77
1746633447589 0.77307 78
1746633488140 0.76452 79
1746633528026 0.8119 80
1746633567796 0.81109 81
1746633608146 0.81068 82
1746633648324 0.80806 83
1746633688536 0.79192 84
1746633729064 0.79452 85
1746633769458 0.81211 86
1746633810266 0.81097 87
1746633850674 0.79717 88
1746633890942 0.79891 89
1746633932705 0.82189 90
1746633972686 0.80775 91
1746634012331 0.81469 92
1746634051724 0.78582 93
1746634093176 0.81034 94
1746634132507 0.79961 95
1746634171994 0.81402 96
1746634211213 0.80357 97
1746634251607 0.82235 98
1746634290971 0.83543 99
1746634301673 0.837560937151064 99
