1746630312760 0.27865 0
1746630353366 0.39987 1
1746630393661 0.38071 2
1746630433336 0.43067 3
1746630473673 0.4626 4
1746630514712 0.48495 5
1746630555022 0.49033 6
1746630595966 0.51626 7
1746630636229 0.53305 8
1746630677538 0.56101 9
1746630717900 0.58111 10
1746630758758 0.58284 11
1746630798736 0.59285 12
1746630838768 0.60214 13
1746630878637 0.61574 14
1746630918497 0.5972 15
1746630959192 0.60553 16
1746630999365 0.61365 17
1746631039236 0.63129 18
1746631079174 0.60693 19
1746631118912 0.62468 20
1746631158832 0.58679 21
1746631199707 0.63439 22
1746631239751 0.65215 23
1746631280939 0.63418 24
1746631321378 0.62019 25
1746631361635 0.65036 26
1746631401901 0.64088 27
1746631442551 0.63876 28
1746631482682 0.64724 29
1746631523252 0.66246 30
1746631565690 0.66763 31
1746631605906 0.66991 32
1746631646511 0.63251 33
1746631686720 0.68779 34
1746631726704 0.6655 35
1746631766885 0.64868 36
1746631807420 0.68151 37
1746631847785 0.67834 38
1746631887651 0.67439 39
1746631927923 0.68402 40
1746631967958 0.68099 41
1746632007713 0.70048 42
1746632047469 0.69085 43
1746632087412 0.67213 44
1746632127730 0.70024 45
1746632167475 0.69018 46
1746632207545 0.66266 47
1746632247812 0.69979 48
1746632287516 0.68947 49
1746632327591 0.70898 50
1746632367458 0.69 51
1746632407678 0.7032 52
1746632447380 0.69449 53
1746632487415 0.69937 54
1746632527502 0.69868 55
1746632567388 0.69617 56
1746632607253 0.69451 57
1746632647424 0.71336 58
1746632687712 0.70291 59
1746632727876 0.72782 60
1746632767589 0.71979 61
1746632807439 0.73048 62
1746632847576 0.72179 63
1746632887774 0.71271 64
1746632927508 0.72744 65
1746632967714 0.72691 66
1746633007682 0.7126 67
1746633047378 0.71828 68
1746633087307 0.72687 69
1746633127427 0.72891 70
1746633167698 0.70995 71
1746633207904 0.72017 72
1746633248151 0.72801 73
1746633287962 0.73501 74
1746633328358 0.74599 75
1746633368196 0.74577 76
1746633407866 0.73578 77
1746633447589 0.73826 78
1746633488140 0.75168 79
1746633528026 0.72421 80
1746633567796 0.73432 81
1746633608146 0.72616 82
1746633648324 0.75036 83
1746633688536 0.74565 84
1746633729064 0.7509 85
1746633769458 0.71987 86
1746633810266 0.72449 87
1746633850674 0.74676 88
1746633890942 0.7519 89
1746633932705 0.73431 90
1746633972686 0.73923 91
1746634012331 0.73948 92
1746634051724 0.74801 93
1746634093176 0.73356 94
1746634132507 0.75367 95
1746634171994 0.74662 96
1746634211213 0.7411 97
1746634251607 0.73418 98
1746634290971 0.73104 99
1746634301673 0.7288901927874373 99
