1745125491496 1.56706 0
1745125498390 1.55373 1
1745125504940 1.58171 2
1745125512020 1.58736 3
1745125518226 1.55068 4
1745125525049 1.51521 5
1745125531652 1.5064 6
1745125538022 1.4451 7
1745125544335 1.45064 8
1745125550590 1.49521 9
1745125556790 1.40797 10
1745125563050 1.39045 11
1745125569249 1.35494 12
1745125575503 1.35856 13
1745125581576 1.29732 14
1745125587751 1.32782 15
1745125593962 1.32029 16
1745125600088 1.29277 17
1745125606313 1.27411 18
1745125612491 1.25286 19
1745125618702 1.26502 20
1745125624914 1.24218 21
1745125631190 1.24679 22
1745125637343 1.23078 23
1745125643627 1.22235 24
1745125649944 1.21709 25
1745125656068 1.19623 26
1745125662218 1.18971 27
1745125668297 1.18291 28
1745125674334 1.15936 29
1745125680471 1.15801 30
1745125687065 1.16568 31
1745125694925 1.18855 32
1745125701107 1.1949 33
1745125707160 1.13518 34
1745125713178 1.11502 35
1745125719282 1.13522 36
1745125725449 1.13564 37
1745125731473 1.12594 38
1745125737504 1.12079 39
1745125743506 1.11094 40
1745125750374 1.06456 41
1745125756443 1.10443 42
1745125762428 1.08649 43
1745125768428 1.05998 44
1745125774440 1.07798 45
1745125780631 1.07396 46
1745125786877 1.04566 47
1745125792902 1.05829 48
1745125798967 1.02569 49
1745125805051 1.05229 50
1745125811121 1.03709 51
1745125818278 1.034 52
1745125826762 1.01027 53
1745125833111 1.01466 54
1745125839950 1.01034 55
1745125849855 1.00097 56
1745125859800 1.00154 57
1745125870442 0.98004 58
1745125880691 0.99081 59
1745125894144 1.01478 60
1745125906279 0.98282 61
1745125917430 0.94324 62
1745125928244 0.97322 63
1745125939756 0.98964 64
1745125951143 0.9633 65
1745125962614 0.94824 66
1745125975469 0.9588 67
1745125987427 0.94192 68
1745125999184 0.9441 69
1745126010405 0.93353 70
1745126022603 0.92774 71
1745126034461 0.90803 72
1745126046529 0.95181 73
1745126057943 0.93108 74
1745126069495 0.91164 75
1745126081946 0.92042 76
1745126093735 0.94817 77
1745126105659 0.89562 78
1745126117420 0.90527 79
1745126129036 0.90812 80
1745126141513 0.88507 81
1745126152988 0.88048 82
1745126165130 0.88648 83
1745126176583 0.8869 84
1745126188324 0.90168 85
1745126200670 0.91032 86
1745126212592 0.89367 87
1745126224200 0.84105 88
1745126236219 0.86637 89
1745126249963 0.9019 90
1745126261755 0.92984 91
1745126273747 0.8809 92
1745126285206 0.85609 93
1745126296660 0.83878 94
1745126307885 0.85672 95
1745126320534 0.8195 96
1745126331923 0.92488 97
1745126343558 0.82768 98
1745126354262 0.81398 99
