1745125491496 4.03508 0
1745125498390 3.34513 1
1745125504940 2.55614 2
1745125512020 2.57128 3
1745125518226 2.00766 4
1745125525049 1.89674 5
1745125531652 1.82859 6
1745125538022 1.69988 7
1745125544335 1.59477 8
1745125550590 1.68339 9
1745125556790 1.53614 10
1745125563050 1.56981 11
1745125569249 1.51142 12
1745125575503 1.42105 13
1745125581576 1.37642 14
1745125587751 1.38837 15
1745125593962 1.37443 16
1745125600088 1.34301 17
1745125606313 1.28694 18
1745125612491 1.25504 19
1745125618702 1.26316 20
1745125624914 1.24387 21
1745125631190 1.19394 22
1745125637343 1.1853 23
1745125643627 1.1461 24
1745125649944 1.15652 25
1745125656068 1.13571 26
1745125662218 1.11159 27
1745125668297 1.13543 28
1745125674334 1.06959 29
1745125680471 1.06742 30
1745125687065 1.05485 31
1745125694925 1.08772 32
1745125701107 1.09037 33
1745125707160 0.99287 34
1745125713178 1.03404 35
1745125719282 1.016 36
1745125725449 1.01081 37
1745125731473 0.98664 38
1745125737504 0.97535 39
1745125743506 0.94971 40
1745125750374 0.93226 41
1745125756443 0.96154 42
1745125762428 0.92387 43
1745125768428 0.8917 44
1745125774440 0.92305 45
1745125780631 0.92396 46
1745125786877 0.89021 47
1745125792902 0.88362 48
1745125798967 0.87107 49
1745125805051 0.88157 50
1745125811121 0.87917 51
1745125818278 0.87172 52
1745125826762 0.85186 53
1745125833111 0.85238 54
1745125839950 0.82813 55
1745125849855 0.84871 56
1745125859800 0.81867 57
1745125870442 0.81137 58
1745125880691 0.81474 59
1745125894144 0.8207 60
1745125906279 0.79659 61
1745125917430 0.78391 62
1745125928244 0.78503 63
1745125939756 0.79806 64
1745125951143 0.79393 65
1745125962614 0.75517 66
1745125975469 0.78156 67
1745125987427 0.7495 68
1745125999184 0.76069 69
1745126010405 0.75685 70
1745126022603 0.73134 71
1745126034461 0.74021 72
1745126046529 0.74549 73
1745126057943 0.74195 74
1745126069495 0.72031 75
1745126081946 0.70683 76
1745126093735 0.75532 77
1745126105659 0.70541 78
1745126117420 0.7244 79
1745126129036 0.71871 80
1745126141513 0.6838 81
1745126152988 0.69465 82
1745126165130 0.69042 83
1745126176583 0.69957 84
1745126188324 0.69632 85
1745126200670 0.73591 86
1745126212592 0.69436 87
1745126224200 0.67231 88
1745126236219 0.68587 89
1745126249963 0.73304 90
1745126261755 0.77309 91
1745126273747 0.70945 92
1745126285206 0.68143 93
1745126296660 0.64713 94
1745126307885 0.68097 95
1745126320534 0.64843 96
1745126331923 1.15136 97
1745126343558 0.6542 98
1745126354262 0.65924 99
