1745125491496 1.44827 0
1745125498390 1.41512 1
1745125504940 1.43605 2
1745125512020 1.39737 3
1745125518226 1.38657 4
1745125525049 1.38256 5
1745125531652 1.36365 6
1745125538022 1.35525 7
1745125544335 1.32961 8
1745125550590 1.3587 9
1745125556790 1.30185 10
1745125563050 1.31271 11
1745125569249 1.3122 12
1745125575503 1.26972 13
1745125581576 1.27289 14
1745125587751 1.27195 15
1745125593962 1.27128 16
1745125600088 1.25418 17
1745125606313 1.23841 18
1745125612491 1.23708 19
1745125618702 1.23379 20
1745125624914 1.21215 21
1745125631190 1.23314 22
1745125637343 1.2163 23
1745125643627 1.20726 24
1745125649944 1.21457 25
1745125656068 1.21144 26
1745125662218 1.19924 27
1745125668297 1.17763 28
1745125674334 1.17146 29
1745125680471 1.17209 30
1745125687065 1.16575 31
1745125694925 1.19688 32
1745125701107 1.18239 33
1745125707160 1.16571 34
1745125713178 1.16085 35
1745125719282 1.15305 36
1745125725449 1.14871 37
1745125731473 1.13816 38
1745125737504 1.15514 39
1745125743506 1.14554 40
1745125750374 1.12722 41
1745125756443 1.15028 42
1745125762428 1.12738 43
1745125768428 1.12129 44
1745125774440 1.13656 45
1745125780631 1.12587 46
1745125786877 1.1175 47
1745125792902 1.10734 48
1745125798967 1.11027 49
1745125805051 1.11326 50
1745125811121 1.10152 51
1745125818278 1.10291 52
1745125826762 1.0759 53
1745125833111 1.08891 54
1745125839950 1.08345 55
1745125849855 1.1068 56
1745125859800 1.0977 57
1745125870442 1.09364 58
1745125880691 1.08754 59
1745125894144 1.0996 60
1745125906279 1.07915 61
1745125917430 1.07764 62
1745125928244 1.06837 63
1745125939756 1.06241 64
1745125951143 1.06948 65
1745125962614 1.06118 66
1745125975469 1.05164 67
1745125987427 1.06021 68
1745125999184 1.05435 69
1745126010405 1.04873 70
1745126022603 1.03096 71
1745126034461 1.052 72
1745126046529 1.0476 73
1745126057943 1.05284 74
1745126069495 1.04044 75
1745126081946 1.03902 76
1745126093735 1.05109 77
1745126105659 1.03128 78
1745126117420 1.0432 79
1745126129036 1.0285 80
1745126141513 1.02321 81
1745126152988 1.03319 82
1745126165130 1.02707 83
1745126176583 1.03155 84
1745126188324 1.02999 85
1745126200670 1.03191 86
1745126212592 1.02818 87
1745126224200 1.01919 88
1745126236219 1.0183 89
1745126249963 1.01763 90
1745126261755 1.0207 91
1745126273747 1.01159 92
1745126285206 0.99259 93
1745126296660 0.99583 94
1745126307885 1.01552 95
1745126320534 0.98085 96
1745126331923 0.99454 97
1745126343558 0.97933 98
1745126354262 0.96884 99
