1745125855219 0.00019343 0
1745125875581 0.000389634053 1
1745125892530 0.0005818761259999999 2
1745125908280 0.0006471900999999999 3
1745125925138 0.0006405867999999999 4
1745125942031 0.0006339834999999999 5
1745125959232 0.0006273801999999999 6
1745125975002 0.0006207769 7
1745125989777 0.0006141736 8
1745126004837 0.0006075703 9
1745126020221 0.000600967 10
1745126035895 0.0005943637 11
1745126049824 0.0005877603999999999 12
1745126065341 0.0005811570999999999 13
1745126080890 0.0005745538 14
1745126095749 0.0005679505 15
1745126109829 0.0005613472 16
1745126124695 0.0005547439 17
1745126140003 0.0005481406 18
1745126155457 0.0005415373 19
1745126169770 0.000534934 20
1745126185453 0.0005283306999999999 21
1745126201159 0.0005217274 22
1745126215437 0.0005151241 23
1745126230115 0.0005085208 24
1745126243745 0.0005019174999999999 25
1745126259008 0.0004953142 26
1745126274687 0.0004887108999999999 27
1745126288601 0.00048210759999999994 28
1745126303615 0.00047550429999999996 29
1745126318843 0.0004689009999999999 30
1745126333919 0.00046229769999999994 31
1745126348400 0.0004556943999999999 32
1745126361645 0.0004490910999999999 33
1745126370987 0.0004424877999999999 34
1745126382130 0.00043588449999999994 35
1745126390879 0.0004292812 36
1745126399317 0.0004226779 37
1745126407738 0.0004160746 38
1745126416107 0.00040947129999999995 39
1745126424490 0.00040286799999999997 40
1745126433101 0.00039626470000000003 41
1745126441417 0.0003896614 42
1745126449774 0.0003830581 43
1745126458077 0.00037645479999999997 44
1745126466463 0.0003698515 45
1745126474850 0.0003632482 46
1745126483478 0.0003566449 47
1745126491873 0.0003500416 48
1745126500205 0.0003434383 49
1745126508600 0.00033683499999999996 50
1745126517003 0.00033023169999999997 51
1745126525475 0.00032362839999999993 52
1745126534330 0.0003170251 53
1745126542935 0.00031042179999999996 54
1745126551462 0.0003038184999999999 55
1745126559954 0.00029721519999999994 56
1745126568515 0.0002906119 57
1745126576843 0.0002840086 58
1745126585706 0.0002774053 59
1745126594124 0.000270802 60
1745126602639 0.00026419869999999996 61
1745126611006 0.0002575954 62
1745126619596 0.0002509921 63
1745126628213 0.0002443888 64
1745126636717 0.00023778549999999997 65
1745126645183 0.00023118219999999996 66
1745126653704 0.00022457889999999994 67
1745126662139 0.00021797559999999996 68
1745126670729 0.00021137230000000003 69
1745126679473 0.00020476900000000002 70
1745126687967 0.0001981657 71
1745126696383 0.0001915624 72
1745126704977 0.0001849591 73
1745126713557 0.0001783558 74
1745126722157 0.00017175249999999999 75
1745126730972 0.00016514919999999997 76
1745126739507 0.0001585459 77
1745126748002 0.00015194259999999998 78
1745126756446 0.00014533929999999997 79
1745126764946 0.00013873599999999995 80
1745126773815 0.00013213269999999994 81
1745126782276 0.00012552940000000004 82
1745126790761 0.00011892610000000001 83
1745126799136 0.00011232280000000003 84
1745126807621 0.00010571950000000002 85
1745126816061 9.91162e-05 86
1745126824801 9.25129e-05 87
1745126833251 8.59096e-05 88
1745126841675 7.930629999999998e-05 89
1745126852085 7.270299999999997e-05 90
1745126860620 6.609969999999997e-05 91
1745126868985 5.949639999999997e-05 92
1745126877626 5.2893099999999956e-05 93
1745126885925 4.6289800000000026e-05 94
1745126894238 3.968650000000003e-05 95
1745126902570 3.308320000000002e-05 96
1745126910927 2.6479900000000017e-05 97
1745126919543 1.9876600000000012e-05 98
1745126927992 1.3273300000000004e-05 99
