1745125855219 1.57717 0
1745125875581 1.60796 1
1745125892530 1.63061 2
1745125908280 1.6487 3
1745125925138 1.58753 4
1745125942031 1.55522 5
1745125959232 1.55119 6
1745125975002 1.48244 7
1745125989777 1.47432 8
1745126004837 1.50134 9
1745126020221 1.4272 10
1745126035895 1.44134 11
1745126049824 1.38239 12
1745126065341 1.38547 13
1745126080890 1.32682 14
1745126095749 1.35041 15
1745126109829 1.34454 16
1745126124695 1.31862 17
1745126140003 1.3018 18
1745126155457 1.2438 19
1745126169770 1.28088 20
1745126185453 1.26163 21
1745126201159 1.24396 22
1745126215437 1.23511 23
1745126230115 1.22184 24
1745126243745 1.24082 25
1745126259008 1.25363 26
1745126274687 1.20424 27
1745126288601 1.21652 28
1745126303615 1.18841 29
1745126318843 1.179 30
1745126333919 1.18739 31
1745126348400 1.1999 32
1745126361645 1.18382 33
1745126370987 1.12477 34
1745126382130 1.1157 35
1745126390879 1.15295 36
1745126399317 1.14532 37
1745126407738 1.14112 38
1745126416107 1.13227 39
1745126424490 1.11472 40
1745126433101 1.09087 41
1745126441417 1.11644 42
1745126449774 1.08994 43
1745126458077 1.07698 44
1745126466463 1.07431 45
1745126474850 1.08534 46
1745126483478 1.05093 47
1745126491873 1.08234 48
1745126500205 1.02808 49
1745126508600 1.05234 50
1745126517003 1.04476 51
1745126525475 1.06058 52
1745126534330 1.01973 53
1745126542935 1.00829 54
1745126551462 1.01707 55
1745126559954 0.98704 56
1745126568515 1.00379 57
1745126576843 0.97 58
1745126585706 0.97195 59
1745126594124 0.99029 60
1745126602639 0.97867 61
1745126611006 0.94628 62
1745126619596 0.97673 63
1745126628213 0.9879 64
1745126636717 0.956 65
1745126645183 0.94603 66
1745126653704 0.96842 67
1745126662139 0.93467 68
1745126670729 0.9479 69
1745126679473 0.93724 70
1745126687967 0.91688 71
1745126696383 0.8971 72
1745126704977 0.91789 73
1745126713557 0.90891 74
1745126722157 0.89932 75
1745126730972 0.90028 76
1745126739507 0.93057 77
1745126748002 0.87836 78
1745126756446 0.88178 79
1745126764946 0.88741 80
1745126773815 0.86246 81
1745126782276 0.87697 82
1745126790761 0.87424 83
1745126799136 0.86745 84
1745126807621 0.88178 85
1745126816061 0.88287 86
1745126824801 0.86935 87
1745126833251 0.82529 88
1745126841675 0.84691 89
1745126852085 0.86171 90
1745126860620 0.88083 91
1745126868985 0.83327 92
1745126877626 0.83651 93
1745126885925 0.80613 94
1745126894238 0.82861 95
1745126902570 0.79275 96
1745126910927 0.82421 97
1745126919543 0.78319 98
1745126927992 0.78446 99
