1745125855219 4.06396 0
1745125875581 3.31554 1
1745125892530 2.56919 2
1745125908280 2.52924 3
1745125925138 2.06547 4
1745125942031 1.95712 5
1745125959232 1.85162 6
1745125975002 1.69133 7
1745125989777 1.60495 8
1745126004837 1.71164 9
1745126020221 1.5308 10
1745126035895 1.55255 11
1745126049824 1.53362 12
1745126065341 1.41983 13
1745126080890 1.37222 14
1745126095749 1.37091 15
1745126109829 1.36115 16
1745126124695 1.32067 17
1745126140003 1.26574 18
1745126155457 1.2294 19
1745126169770 1.23421 20
1745126185453 1.22017 21
1745126201159 1.16607 22
1745126215437 1.16271 23
1745126230115 1.11672 24
1745126243745 1.15194 25
1745126259008 1.11699 26
1745126274687 1.07155 27
1745126288601 1.11401 28
1745126303615 1.06901 29
1745126318843 1.04604 30
1745126333919 1.03486 31
1745126348400 1.06395 32
1745126361645 1.04787 33
1745126370987 0.98301 34
1745126382130 1.01493 35
1745126390879 0.99058 36
1745126399317 1.00675 37
1745126407738 0.97214 38
1745126416107 0.95265 39
1745126424490 0.94209 40
1745126433101 0.92296 41
1745126441417 0.92051 42
1745126449774 0.9051 43
1745126458077 0.87797 44
1745126466463 0.89221 45
1745126474850 0.88317 46
1745126483478 0.86012 47
1745126491873 0.87357 48
1745126500205 0.84909 49
1745126508600 0.84543 50
1745126517003 0.82537 51
1745126525475 0.84699 52
1745126534330 0.81878 53
1745126542935 0.80624 54
1745126551462 0.79628 55
1745126559954 0.79261 56
1745126568515 0.78833 57
1745126576843 0.77634 58
1745126585706 0.77833 59
1745126594124 0.77406 60
1745126602639 0.76921 61
1745126611006 0.74444 62
1745126619596 0.76051 63
1745126628213 0.75946 64
1745126636717 0.74143 65
1745126645183 0.72827 66
1745126653704 0.75252 67
1745126662139 0.71277 68
1745126670729 0.72885 69
1745126679473 0.72251 70
1745126687967 0.69334 71
1745126696383 0.69501 72
1745126704977 0.70715 73
1745126713557 0.70417 74
1745126722157 0.6865 75
1745126730972 0.68033 76
1745126739507 0.70693 77
1745126748002 0.66254 78
1745126756446 0.67975 79
1745126764946 0.67329 80
1745126773815 0.64033 81
1745126782276 0.66163 82
1745126790761 0.6547 83
1745126799136 0.65605 84
1745126807621 0.65428 85
1745126816061 0.67786 86
1745126824801 0.65911 87
1745126833251 0.6233 88
1745126841675 0.63636 89
1745126852085 0.64679 90
1745126860620 0.66784 91
1745126868985 0.62565 92
1745126877626 0.61527 93
1745126885925 0.5927 94
1745126894238 0.6218 95
1745126902570 0.58999 96
1745126910927 0.86585 97
1745126919543 0.58857 98
1745126927992 0.59363 99
