1745125855219 1.46301 0
1745125875581 1.43269 1
1745125892530 1.48556 2
1745125908280 1.47843 3
1745125925138 1.43131 4
1745125942031 1.43487 5
1745125959232 1.41998 6
1745125975002 1.41575 7
1745125989777 1.36292 8
1745126004837 1.38037 9
1745126020221 1.32433 10
1745126035895 1.35375 11
1745126049824 1.33796 12
1745126065341 1.29713 13
1745126080890 1.30491 14
1745126095749 1.29386 15
1745126109829 1.29157 16
1745126124695 1.27446 17
1745126140003 1.26162 18
1745126155457 1.24583 19
1745126169770 1.25286 20
1745126185453 1.23483 21
1745126201159 1.23922 22
1745126215437 1.22591 23
1745126230115 1.21758 24
1745126243745 1.23336 25
1745126259008 1.24762 26
1745126274687 1.20957 27
1745126288601 1.20734 28
1745126303615 1.19984 29
1745126318843 1.19857 30
1745126333919 1.17875 31
1745126348400 1.20985 32
1745126361645 1.18453 33
1745126370987 1.1592 34
1745126382130 1.17073 35
1745126390879 1.16923 36
1745126399317 1.16465 37
1745126407738 1.15449 38
1745126416107 1.17115 39
1745126424490 1.15823 40
1745126433101 1.15012 41
1745126441417 1.16116 42
1745126449774 1.13524 43
1745126458077 1.13101 44
1745126466463 1.14104 45
1745126474850 1.12866 46
1745126483478 1.12742 47
1745126491873 1.13231 48
1745126500205 1.11558 49
1745126508600 1.11841 50
1745126517003 1.10441 51
1745126525475 1.11481 52
1745126534330 1.08881 53
1745126542935 1.09073 54
1745126551462 1.09569 55
1745126559954 1.1064 56
1745126568515 1.09797 57
1745126576843 1.08456 58
1745126585706 1.08231 59
1745126594124 1.09266 60
1745126602639 1.08064 61
1745126611006 1.08168 62
1745126619596 1.07072 63
1745126628213 1.06364 64
1745126636717 1.06419 65
1745126645183 1.06122 66
1745126653704 1.0599 67
1745126662139 1.05987 68
1745126670729 1.05821 69
1745126679473 1.05151 70
1745126687967 1.03013 71
1745126696383 1.0511 72
1745126704977 1.03154 73
1745126713557 1.04764 74
1745126722157 1.0336 75
1745126730972 1.03163 76
1745126739507 1.04735 77
1745126748002 1.02198 78
1745126756446 1.02748 79
1745126764946 1.0198 80
1745126773815 1.01688 81
1745126782276 1.03002 82
1745126790761 1.0284 83
1745126799136 1.02465 84
1745126807621 1.0262 85
1745126816061 1.01986 86
1745126824801 1.01921 87
1745126833251 1.01552 88
1745126841675 1.01336 89
1745126852085 0.99332 90
1745126860620 0.99504 91
1745126868985 0.98403 92
1745126877626 0.97394 93
1745126885925 0.96899 94
1745126894238 0.99169 95
1745126902570 0.96059 96
1745126910927 0.96425 97
1745126919543 0.9557 98
1745126927992 0.95099 99
