1745128380346 1.44827 0
1745128387106 1.41512 1
1745128393616 1.43605 2
1745128400082 1.39737 3
1745128406470 1.38657 4
1745128413258 1.38256 5
1745128422430 1.36365 6
1745128429379 1.35525 7
1745128436246 1.32961 8
1745128445797 1.3587 9
1745128456910 1.30185 10
1745128469669 1.31271 11
1745128481123 1.3122 12
1745128492761 1.26972 13
1745128504632 1.27289 14
1745128517436 1.27195 15
1745128529265 1.27128 16
1745128540822 1.25418 17
1745128552040 1.23841 18
1745128564254 1.23708 19
1745128576503 1.23379 20
1745128588975 1.21215 21
1745128600423 1.23314 22
1745128612388 1.2163 23
1745128625440 1.20726 24
1745128637638 1.21457 25
1745128649046 1.21144 26
1745128660794 1.19924 27
1745128672878 1.17763 28
1745128685451 1.17146 29
1745128697484 1.17209 30
1745128710378 1.16575 31
1745128721683 1.19688 32
1745128733747 1.18239 33
1745128745783 1.16571 34
1745128757550 1.16085 35
1745128769163 1.15305 36
1745128781001 1.14871 37
1745128794011 1.13816 38
1745128806813 1.15514 39
1745128818477 1.14554 40
1745128830088 1.12722 41
1745128841869 1.15028 42
1745128854557 1.12738 43
1745128866372 1.12129 44
1745128878313 1.13656 45
1745128890281 1.12587 46
1745128902553 1.1175 47
1745128915050 1.10734 48
1745128926706 1.11027 49
1745128938712 1.11326 50
1745128950252 1.10152 51
1745128962344 1.10291 52
1745128974843 1.0759 53
1745128986583 1.08891 54
1745128998912 1.08345 55
1745129010604 1.1068 56
1745129022818 1.0977 57
1745129034600 1.09364 58
1745129046558 1.08754 59
1745129058204 1.0996 60
1745129070145 1.07915 61
1745129082523 1.07764 62
1745129094785 1.06837 63
1745129106259 1.06241 64
1745129118065 1.06948 65
1745129130865 1.06118 66
1745129142881 1.05164 67
1745129154533 1.06021 68
1745129165933 1.05435 69
1745129178160 1.04873 70
1745129190564 1.03096 71
1745129203152 1.052 72
1745129215189 1.0476 73
1745129226812 1.05284 74
1745129239263 1.04044 75
1745129250759 1.03902 76
1745129261730 1.05109 77
1745129273602 1.03128 78
1745129286647 1.0432 79
1745129299116 1.0285 80
1745129310582 1.02321 81
1745129321798 1.03319 82
1745129334106 1.02707 83
1745129346205 1.03155 84
1745129357742 1.02999 85
1745129368955 1.03191 86
1745129381574 1.02818 87
1745129394159 1.01919 88
1745129405824 1.0183 89
1745129421433 1.01763 90
1745129433153 1.0207 91
1745129444628 1.01159 92
1745129456915 0.99259 93
1745129469193 0.99583 94
1745129481079 1.01552 95
1745129494107 0.98085 96
1745129505739 0.99454 97
1745129517516 0.97933 98
1745129529441 0.96884 99
