1745130953945 1.56706 0
1745130960388 1.55373 1
1745130966694 1.58171 2
1745130972917 1.58736 3
1745130979179 1.55068 4
1745130985813 1.51521 5
1745130991921 1.5064 6
1745130998154 1.4451 7
1745131004287 1.45064 8
1745131010545 1.49521 9
1745131016729 1.40797 10
1745131023052 1.39045 11
1745131029222 1.35494 12
1745131035780 1.35856 13
1745131041927 1.29732 14
1745131048110 1.32782 15
1745131054300 1.32029 16
1745131060419 1.29277 17
1745131066704 1.27411 18
1745131072927 1.25286 19
1745131079363 1.26502 20
1745131085637 1.24218 21
1745131091747 1.24679 22
1745131097956 1.23078 23
1745131104093 1.22235 24
1745131110329 1.21709 25
1745131116432 1.19623 26
1745131122646 1.18971 27
1745131129054 1.18291 28
1745131135388 1.15936 29
1745131141496 1.15801 30
1745131147655 1.16568 31
1745131153837 1.18855 32
1745131159993 1.1949 33
1745131166144 1.13518 34
1745131172228 1.11502 35
1745131178532 1.13522 36
1745131184586 1.13564 37
1745131190808 1.12594 38
1745131196929 1.12079 39
1745131203162 1.11094 40
1745131209379 1.06456 41
1745131215476 1.10443 42
1745131221840 1.08649 43
1745131227962 1.05998 44
1745131234116 1.07798 45
1745131240409 1.07396 46
1745131246466 1.04566 47
1745131252583 1.05829 48
1745131258824 1.02569 49
1745131264967 1.05229 50
1745131271388 1.03709 51
1745131277441 1.034 52
1745131283664 1.01027 53
