1745130953945 4.03508 0
1745130960388 3.34513 1
1745130966694 2.55614 2
1745130972917 2.57128 3
1745130979179 2.00766 4
1745130985813 1.89674 5
1745130991921 1.82859 6
1745130998154 1.69988 7
1745131004287 1.59477 8
1745131010545 1.68339 9
1745131016729 1.53614 10
1745131023052 1.56981 11
1745131029222 1.51142 12
1745131035780 1.42105 13
1745131041927 1.37642 14
1745131048110 1.38837 15
1745131054300 1.37443 16
1745131060419 1.34301 17
1745131066704 1.28694 18
1745131072927 1.25504 19
1745131079363 1.26316 20
1745131085637 1.24387 21
1745131091747 1.19394 22
1745131097956 1.1853 23
1745131104093 1.1461 24
1745131110329 1.15652 25
1745131116432 1.13571 26
1745131122646 1.11159 27
1745131129054 1.13543 28
1745131135388 1.06959 29
1745131141496 1.06742 30
1745131147655 1.05485 31
1745131153837 1.08772 32
1745131159993 1.09037 33
1745131166144 0.99287 34
1745131172228 1.03404 35
1745131178532 1.016 36
1745131184586 1.01081 37
1745131190808 0.98664 38
1745131196929 0.97535 39
1745131203162 0.94971 40
1745131209379 0.93226 41
1745131215476 0.96154 42
1745131221840 0.92387 43
1745131227962 0.8917 44
1745131234116 0.92305 45
1745131240409 0.92396 46
1745131246466 0.89021 47
1745131252583 0.88362 48
1745131258824 0.87107 49
1745131264967 0.88157 50
1745131271388 0.87917 51
1745131277441 0.87172 52
1745131283664 0.85186 53
