1745130953945 1.44827 0
1745130960388 1.41512 1
1745130966694 1.43605 2
1745130972917 1.39737 3
1745130979179 1.38657 4
1745130985813 1.38256 5
1745130991921 1.36365 6
1745130998154 1.35525 7
1745131004287 1.32961 8
1745131010545 1.3587 9
1745131016729 1.30185 10
1745131023052 1.31271 11
1745131029222 1.3122 12
1745131035780 1.26972 13
1745131041927 1.27289 14
1745131048110 1.27195 15
1745131054300 1.27128 16
1745131060419 1.25418 17
1745131066704 1.23841 18
1745131072927 1.23708 19
1745131079363 1.23379 20
1745131085637 1.21215 21
1745131091747 1.23314 22
1745131097956 1.2163 23
1745131104093 1.20726 24
1745131110329 1.21457 25
1745131116432 1.21144 26
1745131122646 1.19924 27
1745131129054 1.17763 28
1745131135388 1.17146 29
1745131141496 1.17209 30
1745131147655 1.16575 31
1745131153837 1.19688 32
1745131159993 1.18239 33
1745131166144 1.16571 34
1745131172228 1.16085 35
1745131178532 1.15305 36
1745131184586 1.14871 37
1745131190808 1.13816 38
1745131196929 1.15514 39
1745131203162 1.14554 40
1745131209379 1.12722 41
1745131215476 1.15028 42
1745131221840 1.12738 43
1745131227962 1.12129 44
1745131234116 1.13656 45
1745131240409 1.12587 46
1745131246466 1.1175 47
1745131252583 1.10734 48
1745131258824 1.11027 49
1745131264967 1.11326 50
1745131271388 1.10152 51
1745131277441 1.10291 52
1745131283664 1.0759 53
