1746610907093 1.33514 0
1746610945116 1.3152 1
1746610981357 1.34043 2
1746611017380 1.31008 3
1746611053716 1.28684 4
1746611089777 1.24119 5
1746611125378 1.22586 6
1746611161371 1.21185 7
1746611198101 1.17503 8
1746611234062 1.17834 9
1746611270526 1.16367 10
1746611306280 1.1519 11
1746611342207 1.14202 12
1746611378303 1.12659 13
1746611414034 1.12792 14
1746611449730 1.11073 15
1746611485260 1.08896 16
1746611520846 1.09057 17
1746611556472 1.07996 18
1746611591952 1.06691 19
1746611628122 1.07939 20
1746611663998 1.05699 21
1746611699713 1.05755 22
1746611735295 1.04631 23
1746611771116 1.04366 24
1746611807854 1.04163 25
1746611843653 1.0176 26
1746611879370 1.02294 27
1746611915514 1.01501 28
1746611952056 1.02193 29
1746611988051 1.01508 30
1746612023681 1.00519 31
1746612059403 1.00662 32
1746612095189 0.99023 33
1746612130748 0.98946 34
1746612166435 0.97141 35
1746612202169 0.9862 36
1746612237987 0.97013 37
1746612273896 0.96862 38
1746612309652 0.96335 39
1746612345359 0.95251 40
1746612381042 0.95729 41
1746612416453 0.94356 42
1746612452381 0.95689 43
1746612488107 0.92934 44
1746612523710 0.9173 45
1746612559341 0.93687 46
1746612595793 0.91099 47
1746612631499 0.92117 48
1746612667305 0.92104 49
1746612703313 0.91962 50
1746612739478 0.91875 51
1746612775244 0.90787 52
1746612811111 0.88916 53
1746612847391 0.89504 54
1746612883439 0.90647 55
1746612919225 0.87971 56
1746612955104 0.89296 57
1746612990711 0.87867 58
1746613027159 0.85913 59
1746613065113 0.87765 60
1746613100799 0.87838 61
1746613136911 0.87197 62
1746613172763 0.86083 63
1746613208614 0.85535 64
1746613244425 0.84035 65
1746613280094 0.85876 66
1746613315779 0.85803 67
1746613351482 0.85717 68
1746613387080 0.84278 69
1746613422908 0.83002 70
1746613458816 0.83276 71
1746613495943 0.83656 72
1746613532110 0.81584 73
1746613568082 0.81662 74
1746613604093 0.80877 75
1746613640141 0.81449 76
1746613675799 0.81135 77
1746613711338 0.80504 78
1746613747429 0.80024 79
1746613784127 0.79303 80
1746613820057 0.79402 81
1746613856007 0.78618 82
1746613892122 0.79775 83
1746613927952 0.78184 84
1746613963879 0.7819 85
1746614000959 0.7776 86
1746614036701 0.77355 87
1746614072633 0.77857 88
1746614108538 0.7738 89
1746614145796 0.75705 90
1746614181626 0.74172 91
1746614217548 0.73566 92
1746614252970 0.72576 93
1746614288424 0.72163 94
1746614323798 0.71993 95
