1746610907093 2.51368 0
1746610945116 1.54713 1
1746610981357 1.47885 2
1746611017380 1.37611 3
1746611053716 1.28492 4
1746611089777 1.1767 5
1746611125378 1.13725 6
1746611161371 1.11874 7
1746611198101 1.0631 8
1746611234062 1.03118 9
1746611270526 1.02541 10
1746611306280 0.98376 11
1746611342207 0.97899 12
1746611378303 0.94089 13
1746611414034 0.95041 14
1746611449730 0.92517 15
1746611485260 0.89472 16
1746611520846 0.88642 17
1746611556472 0.86516 18
1746611591952 0.87068 19
1746611628122 0.85303 20
1746611663998 0.8513 21
1746611699713 0.84488 22
1746611735295 0.82042 23
1746611771116 0.83006 24
1746611807854 0.82194 25
1746611843653 0.79623 26
1746611879370 0.77325 27
1746611915514 0.78323 28
1746611952056 0.77519 29
1746611988051 0.76811 30
1746612023681 0.75643 31
1746612059403 0.75148 32
1746612095189 0.74628 33
1746612130748 0.74128 34
1746612166435 0.72652 35
1746612202169 0.73635 36
1746612237987 0.72114 37
1746612273896 0.7173 38
1746612309652 0.71185 39
1746612345359 0.68727 40
1746612381042 0.6992 41
1746612416453 0.69026 42
1746612452381 0.68557 43
1746612488107 0.68043 44
1746612523710 0.67003 45
1746612559341 0.68001 46
1746612595793 0.65454 47
1746612631499 0.66632 48
1746612667305 0.65342 49
1746612703313 0.65173 50
1746612739478 0.65536 51
1746612775244 0.64229 52
1746612811111 0.62579 53
1746612847391 0.63823 54
1746612883439 0.62938 55
1746612919225 0.61772 56
1746612955104 0.62196 57
1746612990711 0.61671 58
1746613027159 0.60656 59
1746613065113 0.62211 60
1746613100799 0.60161 61
1746613136911 0.6032 62
1746613172763 0.59806 63
1746613208614 0.59169 64
1746613244425 0.57581 65
1746613280094 0.5817 66
1746613315779 0.58565 67
1746613351482 0.5841 68
1746613387080 0.58084 69
1746613422908 0.57027 70
1746613458816 0.57237 71
1746613495943 0.56894 72
1746613532110 0.55115 73
1746613568082 0.54767 74
1746613604093 0.55034 75
1746613640141 0.54641 76
1746613675799 0.558 77
1746613711338 0.54617 78
1746613747429 0.53943 79
1746613784127 0.5355 80
1746613820057 0.53982 81
1746613856007 0.52156 82
1746613892122 0.53667 83
1746613927952 0.51901 84
1746613963879 0.52517 85
1746614000959 0.51496 86
1746614036701 0.52075 87
1746614072633 0.52101 88
1746614108538 0.51335 89
1746614145796 0.465 90
1746614181626 0.45006 91
1746614217548 0.4459 92
1746614252970 0.44222 93
1746614288424 0.43997 94
1746614323798 0.43398 95
