1746610907093 1.42289 0
1746610945116 1.41925 1
1746610981357 1.43657 2
1746611017380 1.41108 3
1746611053716 1.3852 4
1746611089777 1.35363 5
1746611125378 1.34942 6
1746611161371 1.33271 7
1746611198101 1.31267 8
1746611234062 1.31132 9
1746611270526 1.30554 10
1746611306280 1.29054 11
1746611342207 1.29066 12
1746611378303 1.27896 13
1746611414034 1.28735 14
1746611449730 1.27247 15
1746611485260 1.25256 16
1746611520846 1.25359 17
1746611556472 1.24166 18
1746611591952 1.24037 19
1746611628122 1.23711 20
1746611663998 1.22735 21
1746611699713 1.22671 22
1746611735295 1.22209 23
1746611771116 1.22874 24
1746611807854 1.21954 25
1746611843653 1.20331 26
1746611879370 1.19726 27
1746611915514 1.20404 28
1746611952056 1.20107 29
1746611988051 1.19817 30
1746612023681 1.19238 31
1746612059403 1.18667 32
1746612095189 1.18509 33
1746612130748 1.18963 34
1746612166435 1.17204 35
1746612202169 1.17242 36
1746612237987 1.1659 37
1746612273896 1.17326 38
1746612309652 1.16856 39
1746612345359 1.1628 40
1746612381042 1.16361 41
1746612416453 1.15468 42
1746612452381 1.16025 43
1746612488107 1.13998 44
1746612523710 1.14774 45
1746612559341 1.15066 46
1746612595793 1.13353 47
1746612631499 1.1413 48
1746612667305 1.13607 49
1746612703313 1.14312 50
1746612739478 1.14471 51
1746612775244 1.13738 52
1746612811111 1.12103 53
1746612847391 1.12868 54
1746612883439 1.12953 55
1746612919225 1.11357 56
1746612955104 1.1225 57
1746612990711 1.11499 58
1746613027159 1.10771 59
1746613065113 1.11545 60
1746613100799 1.11689 61
1746613136911 1.10965 62
1746613172763 1.10774 63
1746613208614 1.09946 64
1746613244425 1.0907 65
1746613280094 1.09802 66
1746613315779 1.0967 67
1746613351482 1.09876 68
1746613387080 1.10433 69
1746613422908 1.08628 70
1746613458816 1.08358 71
1746613495943 1.08659 72
1746613532110 1.07879 73
1746613568082 1.07816 74
1746613604093 1.0758 75
1746613640141 1.07294 76
1746613675799 1.07593 77
1746613711338 1.07617 78
1746613747429 1.06738 79
1746613784127 1.0672 80
1746613820057 1.0699 81
1746613856007 1.06178 82
1746613892122 1.06494 83
1746613927952 1.0549 84
1746613963879 1.06677 85
1746614000959 1.05634 86
1746614036701 1.0533 87
1746614072633 1.0577 88
1746614108538 1.06126 89
1746614145796 1.05425 90
1746614181626 1.04419 91
1746614217548 1.04543 92
1746614252970 1.03485 93
1746614288424 1.03394 94
1746614323798 1.03266 95
