1745128380346 1.56706 0
1745128387106 1.55373 1
1745128393616 1.58171 2
1745128400082 1.58736 3
1745128406470 1.55068 4
1745128413258 1.51521 5
1745128422430 1.5064 6
1745128429379 1.4451 7
1745128436246 1.45064 8
1745128445797 1.49521 9
1745128456910 1.40797 10
1745128469669 1.39045 11
1745128481123 1.35494 12
1745128492761 1.35856 13
1745128504632 1.29732 14
1745128517436 1.32782 15
1745128529265 1.32029 16
1745128540822 1.29277 17
1745128552040 1.27411 18
1745128564254 1.25286 19
1745128576503 1.26502 20
1745128588975 1.24218 21
1745128600423 1.24679 22
1745128612388 1.23078 23
1745128625440 1.22235 24
1745128637638 1.21709 25
1745128649046 1.19623 26
1745128660794 1.18971 27
1745128672878 1.18291 28
1745128685451 1.15936 29
1745128697484 1.15801 30
1745128710378 1.16568 31
1745128721683 1.18855 32
1745128733747 1.1949 33
1745128745783 1.13518 34
1745128757550 1.11502 35
1745128769163 1.13522 36
1745128781001 1.13564 37
1745128794011 1.12594 38
1745128806813 1.12079 39
1745128818477 1.11094 40
1745128830088 1.06456 41
1745128841869 1.10443 42
1745128854557 1.08649 43
1745128866372 1.05998 44
1745128878313 1.07798 45
1745128890281 1.07396 46
1745128902553 1.04566 47
1745128915050 1.05829 48
1745128926706 1.02569 49
1745128938712 1.05229 50
1745128950252 1.03709 51
1745128962344 1.034 52
1745128974843 1.01027 53
1745128986583 1.01466 54
1745128998912 1.01034 55
1745129010604 1.00097 56
1745129022818 1.00154 57
1745129034600 0.98004 58
1745129046558 0.99081 59
1745129058204 1.01478 60
1745129070145 0.98282 61
1745129082523 0.94324 62
1745129094785 0.97322 63
1745129106259 0.98964 64
1745129118065 0.9633 65
1745129130865 0.94824 66
1745129142881 0.9588 67
1745129154533 0.94192 68
1745129165933 0.9441 69
1745129178160 0.93353 70
1745129190564 0.92774 71
1745129203152 0.90803 72
1745129215189 0.95181 73
1745129226812 0.93108 74
1745129239263 0.91164 75
1745129250759 0.92042 76
1745129261730 0.94817 77
1745129273602 0.89562 78
1745129286647 0.90527 79
1745129299116 0.90812 80
1745129310582 0.88507 81
1745129321798 0.88048 82
1745129334106 0.88648 83
1745129346205 0.8869 84
1745129357742 0.90168 85
1745129368955 0.91032 86
1745129381574 0.89367 87
1745129394159 0.84105 88
1745129405824 0.86637 89
1745129421433 0.9019 90
1745129433153 0.92984 91
1745129444628 0.8809 92
1745129456915 0.85609 93
1745129469193 0.83878 94
1745129481079 0.85672 95
1745129494107 0.8195 96
1745129505739 0.92488 97
1745129517516 0.82768 98
1745129529441 0.81398 99
