1745128380346 4.03508 0
1745128387106 3.34513 1
1745128393616 2.55614 2
1745128400082 2.57128 3
1745128406470 2.00766 4
1745128413258 1.89674 5
1745128422430 1.82859 6
1745128429379 1.69988 7
1745128436246 1.59477 8
1745128445797 1.68339 9
1745128456910 1.53614 10
1745128469669 1.56981 11
1745128481123 1.51142 12
1745128492761 1.42105 13
1745128504632 1.37642 14
1745128517436 1.38837 15
1745128529265 1.37443 16
1745128540822 1.34301 17
1745128552040 1.28694 18
1745128564254 1.25504 19
1745128576503 1.26316 20
1745128588975 1.24387 21
1745128600423 1.19394 22
1745128612388 1.1853 23
1745128625440 1.1461 24
1745128637638 1.15652 25
1745128649046 1.13571 26
1745128660794 1.11159 27
1745128672878 1.13543 28
1745128685451 1.06959 29
1745128697484 1.06742 30
1745128710378 1.05485 31
1745128721683 1.08772 32
1745128733747 1.09037 33
1745128745783 0.99287 34
1745128757550 1.03404 35
1745128769163 1.016 36
1745128781001 1.01081 37
1745128794011 0.98664 38
1745128806813 0.97535 39
1745128818477 0.94971 40
1745128830088 0.93226 41
1745128841869 0.96154 42
1745128854557 0.92387 43
1745128866372 0.8917 44
1745128878313 0.92305 45
1745128890281 0.92396 46
1745128902553 0.89021 47
1745128915050 0.88362 48
1745128926706 0.87107 49
1745128938712 0.88157 50
1745128950252 0.87917 51
1745128962344 0.87172 52
1745128974843 0.85186 53
1745128986583 0.85238 54
1745128998912 0.82813 55
1745129010604 0.84871 56
1745129022818 0.81867 57
1745129034600 0.81137 58
1745129046558 0.81474 59
1745129058204 0.8207 60
1745129070145 0.79659 61
1745129082523 0.78391 62
1745129094785 0.78503 63
1745129106259 0.79806 64
1745129118065 0.79393 65
1745129130865 0.75517 66
1745129142881 0.78156 67
1745129154533 0.7495 68
1745129165933 0.76069 69
1745129178160 0.75685 70
1745129190564 0.73134 71
1745129203152 0.74021 72
1745129215189 0.74549 73
1745129226812 0.74195 74
1745129239263 0.72031 75
1745129250759 0.70683 76
1745129261730 0.75532 77
1745129273602 0.70541 78
1745129286647 0.7244 79
1745129299116 0.71871 80
1745129310582 0.6838 81
1745129321798 0.69465 82
1745129334106 0.69042 83
1745129346205 0.69957 84
1745129357742 0.69632 85
1745129368955 0.73591 86
1745129381574 0.69436 87
1745129394159 0.67231 88
1745129405824 0.68587 89
1745129421433 0.73304 90
1745129433153 0.77309 91
1745129444628 0.70945 92
1745129456915 0.68143 93
1745129469193 0.64713 94
1745129481079 0.68097 95
1745129494107 0.64843 96
1745129505739 1.15136 97
1745129517516 0.6542 98
1745129529441 0.65924 99
