1746630309690 0.00022111172161172162 0
1746630350245 0.0004390549489010989 1
1746630390326 0.0006525959761904761 2
1746630430266 0.0006471900999999999 3
1746630470612 0.0006405867999999999 4
1746630511594 0.0006339834999999999 5
1746630551867 0.0006273801999999999 6
1746630592828 0.0006207769 7
1746630633098 0.0006141736 8
1746630674286 0.0006075703 9
1746630714838 0.000600967 10
1746630755708 0.0005943637 11
1746630795708 0.0005877603999999999 12
1746630835452 0.0005811570999999999 13
1746630875562 0.0005745538 14
1746630915462 0.0005679505 15
1746630955879 0.0005613472 16
1746630996097 0.0005547439 17
1746631036221 0.0005481406 18
1746631076115 0.0005415373 19
1746631115886 0.000534934 20
1746631155547 0.0005283306999999999 21
1746631196601 0.0005217274 22
1746631236688 0.0005151241 23
1746631277783 0.0005085208 24
1746631317912 0.0005019174999999999 25
1746631358464 0.0004953142 26
1746631398728 0.0004887108999999999 27
1746631439524 0.00048210759999999994 28
1746631479392 0.00047550429999999996 29
1746631520236 0.0004689009999999999 30
1746631562489 0.00046229769999999994 31
1746631602771 0.0004556943999999999 32
1746631643345 0.0004490910999999999 33
1746631683490 0.0004424877999999999 34
1746631723517 0.00043588449999999994 35
1746631763733 0.0004292812 36
1746631803987 0.0004226779 37
1746631844743 0.0004160746 38
1746631884635 0.00040947129999999995 39
1746631924925 0.00040286799999999997 40
1746631964900 0.00039626470000000003 41
1746632004680 0.0003896614 42
1746632044454 0.0003830581 43
1746632084152 0.00037645479999999997 44
1746632124684 0.0003698515 45
1746632164477 0.0003632482 46
1746632204263 0.0003566449 47
1746632244543 0.0003500416 48
1746632284467 0.0003434383 49
1746632324548 0.00033683499999999996 50
1746632364475 0.00033023169999999997 51
1746632404365 0.00032362839999999993 52
1746632444373 0.0003170251 53
1746632484238 0.00031042179999999996 54
1746632524473 0.0003038184999999999 55
1746632564364 0.00029721519999999994 56
1746632604093 0.0002906119 57
1746632644279 0.0002840086 58
1746632684275 0.0002774053 59
1746632724883 0.000270802 60
1746632764573 0.00026419869999999996 61
1746632804266 0.0002575954 62
1746632844149 0.0002509921 63
1746632884770 0.0002443888 64
1746632924311 0.00023778549999999997 65
1746632964685 0.00023118219999999996 66
1746633004441 0.00022457889999999994 67
1746633044361 0.00021797559999999996 68
1746633084151 0.00021137230000000003 69
1746633124196 0.00020476900000000002 70
1746633164445 0.0001981657 71
1746633204572 0.0001915624 72
1746633245104 0.0001849591 73
1746633284929 0.0001783558 74
1746633325082 0.00017175249999999999 75
1746633365186 0.00016514919999999997 76
1746633404842 0.0001585459 77
1746633444575 0.00015194259999999998 78
1746633484873 0.00014533929999999997 79
1746633525022 0.00013873599999999995 80
1746633564766 0.00013213269999999994 81
1746633605002 0.00012552940000000004 82
1746633645302 0.00011892610000000001 83
1746633685476 0.00011232280000000003 84
1746633725962 0.00010571950000000002 85
1746633766133 9.91162e-05 86
1746633807163 9.25129e-05 87
1746633847554 8.59096e-05 88
1746633887856 7.930629999999998e-05 89
1746633929074 7.270299999999997e-05 90
1746633969632 6.609969999999997e-05 91
1746634009153 5.949639999999997e-05 92
1746634048606 5.2893099999999956e-05 93
1746634090192 4.6289800000000026e-05 94
1746634129330 3.968650000000003e-05 95
1746634168818 3.308320000000002e-05 96
1746634208116 2.6479900000000017e-05 97
1746634248435 1.9876600000000012e-05 98
1746634287800 1.3273300000000004e-05 99
