1745128452401 1.57717 0
1745128470314 1.60796 1
1745128485278 1.63061 2
1745128500251 1.6487 3
1745128515521 1.58753 4
1745128531019 1.55522 5
1745128545865 1.55119 6
1745128564266 1.48244 7
1745128578902 1.47432 8
1745128593875 1.50134 9
1745128609019 1.4272 10
1745128624308 1.44134 11
1745128639512 1.38239 12
1745128654124 1.38547 13
1745128670333 1.32682 14
1745128685814 1.35041 15
1745128700142 1.34454 16
1745128715361 1.31862 17
1745128730884 1.3018 18
1745128746894 1.2438 19
1745128761501 1.28088 20
1745128776835 1.26163 21
1745128792700 1.24396 22
1745128807741 1.23511 23
1745128822008 1.22184 24
1745128837786 1.24082 25
1745128852978 1.25363 26
1745128868374 1.20424 27
1745128882530 1.21652 28
1745128897458 1.18841 29
1745128912939 1.179 30
1745128929426 1.18739 31
1745128944208 1.1999 32
1745128959663 1.18382 33
1745128975312 1.12477 34
1745128989645 1.1157 35
1745129004428 1.15295 36
1745129019454 1.14532 37
1745129036437 1.14112 38
1745129050949 1.13227 39
1745129067498 1.11472 40
1745129083121 1.09087 41
1745129098148 1.11644 42
1745129113810 1.08994 43
1745129129116 1.07698 44
1745129144593 1.07431 45
1745129158933 1.08534 46
1745129175033 1.05093 47
1745129192069 1.08234 48
1745129206306 1.02808 49
1745129221380 1.05234 50
1745129238235 1.04476 51
1745129254516 1.06058 52
1745129270160 1.01973 53
1745129286201 1.00829 54
1745129300922 1.01707 55
1745129315421 0.98704 56
1745129333146 1.00379 57
1745129347991 0.97 58
1745129363811 0.97195 59
1745129379284 0.99029 60
1745129394611 0.97867 61
1745129409533 0.94628 62
1745129424091 0.97673 63
1745129438935 0.9879 64
1745129454141 0.956 65
1745129469803 0.94603 66
1745129484179 0.96842 67
1745129498141 0.93467 68
1745129514043 0.9479 69
1745129531226 0.93724 70
1745129541336 0.91688 71
1745129551025 0.8971 72
1745129560417 0.91789 73
1745129569032 0.90891 74
1745129577523 0.89932 75
1745129586374 0.90028 76
1745129594972 0.93057 77
1745129603570 0.87836 78
1745129612139 0.88178 79
1745129620794 0.88741 80
1745129629390 0.86246 81
1745129638172 0.87697 82
1745129646757 0.87424 83
1745129655359 0.86745 84
1745129663799 0.88178 85
1745129672271 0.88287 86
1745129681238 0.86935 87
1745129689750 0.82529 88
1745129698528 0.84691 89
1745129709001 0.86171 90
1745129717536 0.88083 91
1745129725935 0.83327 92
1745129734712 0.83651 93
1745129743159 0.80613 94
1745129751664 0.82861 95
1745129760254 0.79275 96
1745129770384 0.82421 97
1745129779887 0.78319 98
1745129788518 0.78446 99
