1745128452401 4.06396 0
1745128470314 3.31554 1
1745128485278 2.56919 2
1745128500251 2.52924 3
1745128515521 2.06547 4
1745128531019 1.95712 5
1745128545865 1.85162 6
1745128564266 1.69133 7
1745128578902 1.60495 8
1745128593875 1.71164 9
1745128609019 1.5308 10
1745128624308 1.55255 11
1745128639512 1.53362 12
1745128654124 1.41983 13
1745128670333 1.37222 14
1745128685814 1.37091 15
1745128700142 1.36115 16
1745128715361 1.32067 17
1745128730884 1.26574 18
1745128746894 1.2294 19
1745128761501 1.23421 20
1745128776835 1.22017 21
1745128792700 1.16607 22
1745128807741 1.16271 23
1745128822008 1.11672 24
1745128837786 1.15194 25
1745128852978 1.11699 26
1745128868374 1.07155 27
1745128882530 1.11401 28
1745128897458 1.06901 29
1745128912939 1.04604 30
1745128929426 1.03486 31
1745128944208 1.06395 32
1745128959663 1.04787 33
1745128975312 0.98301 34
1745128989645 1.01493 35
1745129004428 0.99058 36
1745129019454 1.00675 37
1745129036437 0.97214 38
1745129050949 0.95265 39
1745129067498 0.94209 40
1745129083121 0.92296 41
1745129098148 0.92051 42
1745129113810 0.9051 43
1745129129116 0.87797 44
1745129144593 0.89221 45
1745129158933 0.88317 46
1745129175033 0.86012 47
1745129192069 0.87357 48
1745129206306 0.84909 49
1745129221380 0.84543 50
1745129238235 0.82537 51
1745129254516 0.84699 52
1745129270160 0.81878 53
1745129286201 0.80624 54
1745129300922 0.79628 55
1745129315421 0.79261 56
1745129333146 0.78833 57
1745129347991 0.77634 58
1745129363811 0.77833 59
1745129379284 0.77406 60
1745129394611 0.76921 61
1745129409533 0.74444 62
1745129424091 0.76051 63
1745129438935 0.75946 64
1745129454141 0.74143 65
1745129469803 0.72827 66
1745129484179 0.75252 67
1745129498141 0.71277 68
1745129514043 0.72885 69
1745129531226 0.72251 70
1745129541336 0.69334 71
1745129551025 0.69501 72
1745129560417 0.70715 73
1745129569032 0.70417 74
1745129577523 0.6865 75
1745129586374 0.68033 76
1745129594972 0.70693 77
1745129603570 0.66254 78
1745129612139 0.67975 79
1745129620794 0.67329 80
1745129629390 0.64033 81
1745129638172 0.66163 82
1745129646757 0.6547 83
1745129655359 0.65605 84
1745129663799 0.65428 85
1745129672271 0.67786 86
1745129681238 0.65911 87
1745129689750 0.6233 88
1745129698528 0.63636 89
1745129709001 0.64679 90
1745129717536 0.66784 91
1745129725935 0.62565 92
1745129734712 0.61527 93
1745129743159 0.5927 94
1745129751664 0.6218 95
1745129760254 0.58999 96
1745129770384 0.86585 97
1745129779887 0.58857 98
1745129788518 0.59363 99
