1745128452401 1.46301 0
1745128470314 1.43269 1
1745128485278 1.48556 2
1745128500251 1.47843 3
1745128515521 1.43131 4
1745128531019 1.43487 5
1745128545865 1.41998 6
1745128564266 1.41575 7
1745128578902 1.36292 8
1745128593875 1.38037 9
1745128609019 1.32433 10
1745128624308 1.35375 11
1745128639512 1.33796 12
1745128654124 1.29713 13
1745128670333 1.30491 14
1745128685814 1.29386 15
1745128700142 1.29157 16
1745128715361 1.27446 17
1745128730884 1.26162 18
1745128746894 1.24583 19
1745128761501 1.25286 20
1745128776835 1.23483 21
1745128792700 1.23922 22
1745128807741 1.22591 23
1745128822008 1.21758 24
1745128837786 1.23336 25
1745128852978 1.24762 26
1745128868374 1.20957 27
1745128882530 1.20734 28
1745128897458 1.19984 29
1745128912939 1.19857 30
1745128929426 1.17875 31
1745128944208 1.20985 32
1745128959663 1.18453 33
1745128975312 1.1592 34
1745128989645 1.17073 35
1745129004428 1.16923 36
1745129019454 1.16465 37
1745129036437 1.15449 38
1745129050949 1.17115 39
1745129067498 1.15823 40
1745129083121 1.15012 41
1745129098148 1.16116 42
1745129113810 1.13524 43
1745129129116 1.13101 44
1745129144593 1.14104 45
1745129158933 1.12866 46
1745129175033 1.12742 47
1745129192069 1.13231 48
1745129206306 1.11558 49
1745129221380 1.11841 50
1745129238235 1.10441 51
1745129254516 1.11481 52
1745129270160 1.08881 53
1745129286201 1.09073 54
1745129300922 1.09569 55
1745129315421 1.1064 56
1745129333146 1.09797 57
1745129347991 1.08456 58
1745129363811 1.08231 59
1745129379284 1.09266 60
1745129394611 1.08064 61
1745129409533 1.08168 62
1745129424091 1.07072 63
1745129438935 1.06364 64
1745129454141 1.06419 65
1745129469803 1.06122 66
1745129484179 1.0599 67
1745129498141 1.05987 68
1745129514043 1.05821 69
1745129531226 1.05151 70
1745129541336 1.03013 71
1745129551025 1.0511 72
1745129560417 1.03154 73
1745129569032 1.04764 74
1745129577523 1.0336 75
1745129586374 1.03163 76
1745129594972 1.04735 77
1745129603570 1.02198 78
1745129612139 1.02748 79
1745129620794 1.0198 80
1745129629390 1.01688 81
1745129638172 1.03002 82
1745129646757 1.0284 83
1745129655359 1.02465 84
1745129663799 1.0262 85
1745129672271 1.01986 86
1745129681238 1.01921 87
1745129689750 1.01552 88
1745129698528 1.01336 89
1745129709001 0.99332 90
1745129717536 0.99504 91
1745129725935 0.98403 92
1745129734712 0.97394 93
1745129743159 0.96899 94
1745129751664 0.99169 95
1745129760254 0.96059 96
1745129770384 0.96425 97
1745129779887 0.9557 98
1745129788518 0.95099 99
