1746615728671 0.0003310344827586207 0
1746615761876 0.0006577905747126438 1
1746615794535 0.0009779466666666667 2
1746615826653 0.0009703 3
1746615858412 0.0009603999999999999 4
1746615890418 0.0009505000000000001 5
1746615922198 0.0009406 6
1746615954328 0.0009307 7
1746615986661 0.0009208 8
1746616018402 0.0009109000000000001 9
1746616050516 0.000901 10
1746616082224 0.0008911 11
1746616114252 0.0008812 12
1746616146491 0.0008713 13
1746616178173 0.0008614 14
1746616210038 0.0008515 15
1746616241654 0.0008416000000000001 16
1746616273512 0.0008317 17
1746616305502 0.0008218000000000001 18
1746616337063 0.0008119000000000001 19
1746616368964 0.0008020000000000001 20
1746616400810 0.0007921 21
1746616432624 0.0007822 22
1746616464432 0.0007723 23
1746616495884 0.0007624 24
1746616527401 0.0007524999999999999 25
1746616559221 0.0007426 26
1746616591404 0.0007327000000000001 27
1746616622941 0.0007228 28
1746616654835 0.0007129 29
1746616686620 0.000703 30
1746616718419 0.0006931 31
1746616750312 0.0006831999999999999 32
1746616782007 0.0006732999999999999 33
1746616813644 0.0006633999999999999 34
1746616845420 0.0006535 35
1746616877426 0.0006436 36
1746616909193 0.0006337000000000001 37
1746616940914 0.0006238 38
1746616972469 0.0006139 39
1746617004174 0.000604 40
1746617036138 0.0005941000000000001 41
1746617067613 0.0005842000000000001 42
1746617099411 0.0005743 43
1746617130971 0.0005644000000000001 44
1746617162353 0.0005545 45
1746617194431 0.0005446000000000001 46
1746617226062 0.0005347 47
1746617257543 0.0005248000000000001 48
1746617289286 0.0005149 49
1746617321013 0.000505 50
1746617352535 0.0004950999999999999 51
1746617384223 0.0004852 52
1746617415870 0.0004753 53
1746617447480 0.0004654 54
1746617479384 0.00045549999999999996 55
1746617511208 0.00044559999999999993 56
1746617542898 0.0004357 57
1746617574891 0.00042580000000000005 58
1746617606586 0.0004159000000000001 59
1746617638183 0.00040600000000000006 60
1746617670661 0.00039610000000000003 61
1746617702179 0.0003862 62
1746617733897 0.00037630000000000004 63
1746617765728 0.0003664 64
1746617797153 0.0003565 65
1746617829242 0.00034659999999999997 66
1746617861244 0.00033669999999999994 67
1746617892856 0.0003268 68
1746617924485 0.00031690000000000006 69
1746617956234 0.00030700000000000004 70
1746617987855 0.0002971 71
1746618019732 0.00028720000000000004 72
1746618051241 0.00027730000000000007 73
1746618082583 0.00026740000000000005 74
1746618114579 0.0002575 75
1746618146149 0.0002476 76
1746618177634 0.0002377 77
1746618209508 0.00022779999999999998 78
1746618240998 0.00021789999999999998 79
1746618272835 0.00020799999999999996 80
1746618304586 0.00019809999999999994 81
1746618336104 0.00018820000000000008 82
1746618367840 0.00017830000000000005 83
1746618400091 0.00016840000000000005 84
1746618431651 0.00015850000000000003 85
1746618463235 0.0001486 86
1746618495177 0.0001387 87
1746618526819 0.00012880000000000001 88
1746618558758 0.00011889999999999998 89
1746618591766 0.00010899999999999998 90
1746618622731 9.909999999999997e-05 91
1746618653817 8.919999999999996e-05 92
1746618684900 7.929999999999994e-05 93
1746618716157 6.940000000000005e-05 94
1746618747015 5.950000000000005e-05 95
1746618778118 4.960000000000004e-05 96
1746618809317 3.970000000000003e-05 97
1746618840455 2.9800000000000023e-05 98
1746618871696 1.990000000000001e-05 99
