1746615731393 0.25771 0
1746615764550 0.30562 1
1746615797584 0.32179 2
1746615829138 0.35816 3
1746615861072 0.37296 4
1746615892905 0.39958 5
1746615924749 0.42289 6
1746615957041 0.43406 7
1746615989163 0.45753 8
1746616021034 0.4691 9
1746616052980 0.4714 10
1746616084744 0.47193 11
1746616117218 0.48709 12
1746616148972 0.49565 13
1746616180711 0.4862 14
1746616212505 0.50131 15
1746616244111 0.50494 16
1746616276074 0.50711 17
1746616307966 0.53046 18
1746616339532 0.52155 19
1746616371541 0.5284 20
1746616403527 0.51498 21
1746616435118 0.52488 22
1746616466847 0.53132 23
1746616498321 0.51589 24
1746616529884 0.52971 25
1746616562116 0.53824 26
1746616593869 0.54775 27
1746616625477 0.53589 28
1746616657248 0.5428 29
1746616689055 0.5403 30
1746616720993 0.54014 31
1746616752775 0.55074 32
1746616784411 0.54747 33
1746616816189 0.53974 34
1746616848134 0.55205 35
1746616879933 0.5522 36
1746616911811 0.55496 37
1746616943404 0.55636 38
1746616974990 0.56576 39
1746617007028 0.56191 40
1746617038548 0.56219 41
1746617070132 0.56719 42
1746617101820 0.55951 43
1746617133414 0.55575 44
1746617165137 0.56349 45
1746617196904 0.57538 46
1746617228486 0.56346 47
1746617260044 0.56654 48
1746617291890 0.57439 49
1746617323403 0.57354 50
1746617355023 0.57408 51
1746617386784 0.575 52
1746617418302 0.57478 53
1746617449983 0.58063 54
1746617482118 0.58216 55
1746617513696 0.57842 56
1746617545448 0.58566 57
1746617577329 0.58243 58
1746617609034 0.58594 59
1746617641013 0.57822 60
1746617673103 0.58988 61
1746617704645 0.58015 62
1746617736484 0.57945 63
1746617768209 0.58996 64
1746617799932 0.59085 65
1746617831810 0.58862 66
1746617863663 0.5846 67
1746617895381 0.58251 68
1746617926925 0.58774 69
1746617958688 0.58173 70
1746617990367 0.58838 71
1746618022167 0.58242 72
1746618053696 0.59646 73
1746618085057 0.5986 74
1746618116975 0.59392 75
1746618148576 0.59632 76
1746618180165 0.59585 77
1746618211941 0.59864 78
1746618243722 0.59935 79
1746618275367 0.60109 80
1746618307008 0.59997 81
1746618338558 0.60295 82
1746618370363 0.60303 83
1746618402525 0.60074 84
1746618434142 0.60119 85
1746618465806 0.60261 86
1746618497681 0.60467 87
1746618529295 0.60224 88
1746618561348 0.60724 89
1746618594246 0.60256 90
1746618625214 0.60451 91
1746618656323 0.60485 92
1746618687318 0.60459 93
1746618718581 0.60309 94
1746618749479 0.60206 95
1746618780626 0.60351 96
1746618811876 0.60379 97
1746618843166 0.60765 98
1746618874139 0.60815 99
1746618881211 0.6084153320684886 99
