1746615731393 0.39736 0
1746615764550 0.47891 1
1746615797584 0.51112 2
1746615829138 0.56716 3
1746615861072 0.59289 4
1746615892905 0.6351 5
1746615924749 0.65541 6
1746615957041 0.64777 7
1746615989163 0.70899 8
1746616021034 0.70978 9
1746616052980 0.71454 10
1746616084744 0.72417 11
1746616117218 0.73066 12
1746616148972 0.73714 13
1746616180711 0.73628 14
1746616212505 0.75707 15
1746616244111 0.75027 16
1746616276074 0.76322 17
1746616307966 0.77385 18
1746616339532 0.76209 19
1746616371541 0.78789 20
1746616403527 0.75652 21
1746616435118 0.76969 22
1746616466847 0.77403 23
1746616498321 0.77161 24
1746616529884 0.78196 25
1746616562116 0.78355 26
1746616593869 0.79356 27
1746616625477 0.78244 28
1746616657248 0.78066 29
1746616689055 0.78219 30
1746616720993 0.79106 31
1746616752775 0.7985 32
1746616784411 0.79088 33
1746616816189 0.78637 34
1746616848134 0.79644 35
1746616879933 0.79542 36
1746616911811 0.80254 37
1746616943404 0.79861 38
1746616974990 0.80827 39
1746617007028 0.80875 40
1746617038548 0.80332 41
1746617070132 0.80441 42
1746617101820 0.80333 43
1746617133414 0.79646 44
1746617165137 0.80836 45
1746617196904 0.81761 46
1746617228486 0.80732 47
1746617260044 0.80863 48
1746617291890 0.81526 49
1746617323403 0.8151 50
1746617355023 0.80583 51
1746617386784 0.80504 52
1746617418302 0.81703 53
1746617449983 0.81991 54
1746617482118 0.82326 55
1746617513696 0.82365 56
1746617545448 0.83014 57
1746617577329 0.82446 58
1746617609034 0.82293 59
1746617641013 0.81628 60
1746617673103 0.82722 61
1746617704645 0.81967 62
1746617736484 0.81928 63
1746617768209 0.82299 64
1746617799932 0.82349 65
1746617831810 0.8299 66
1746617863663 0.82263 67
1746617895381 0.82714 68
1746617926925 0.82571 69
1746617958688 0.82445 70
1746617990367 0.8223 71
1746618022167 0.82135 72
1746618053696 0.83303 73
1746618085057 0.83257 74
1746618116975 0.82656 75
1746618148576 0.83572 76
1746618180165 0.82771 77
1746618211941 0.83248 78
1746618243722 0.82861 79
1746618275367 0.83148 80
1746618307008 0.83058 81
1746618338558 0.8345 82
1746618370363 0.83233 83
1746618402525 0.83174 84
1746618434142 0.83953 85
1746618465806 0.83921 86
1746618497681 0.83941 87
1746618529295 0.83824 88
1746618561348 0.83692 89
1746618594246 0.83505 90
1746618625214 0.83582 91
1746618656323 0.83931 92
1746618687318 0.8376 93
1746618718581 0.83745 94
1746618749479 0.83559 95
1746618780626 0.83648 96
1746618811876 0.83868 97
1746618843166 0.84013 98
1746618874139 0.84045 99
1746618881211 0.840506025867538 99
