1746615731393 0.59716 0
1746615764550 0.52299 1
1746615797584 0.50704 2
1746615829138 0.57273 3
1746615861072 0.6021 4
1746615892905 0.64181 5
1746615924749 0.69359 6
1746615957041 0.64364 7
1746615989163 0.69047 8
1746616021034 0.68825 9
1746616052980 0.75157 10
1746616084744 0.73378 11
1746616117218 0.72667 12
1746616148972 0.72094 13
1746616180711 0.74181 14
1746616212505 0.7959 15
1746616244111 0.77996 16
1746616276074 0.81391 17
1746616307966 0.78947 18
1746616339532 0.79134 19
1746616371541 0.81049 20
1746616403527 0.76581 21
1746616435118 0.75522 22
1746616466847 0.7938 23
1746616498321 0.81525 24
1746616529884 0.81096 25
1746616562116 0.81936 26
1746616593869 0.82098 27
1746616625477 0.79356 28
1746616657248 0.80327 29
1746616689055 0.7991 30
1746616720993 0.83728 31
1746616752775 0.81107 32
1746616784411 0.81444 33
1746616816189 0.80195 34
1746616848134 0.82354 35
1746616879933 0.82504 36
1746616911811 0.83208 37
1746616943404 0.82798 38
1746616974990 0.83283 39
1746617007028 0.83166 40
1746617038548 0.83504 41
1746617070132 0.84024 42
1746617101820 0.85247 43
1746617133414 0.84399 44
1746617165137 0.86334 45
1746617196904 0.84377 46
1746617228486 0.84419 47
1746617260044 0.84291 48
1746617291890 0.83854 49
1746617323403 0.84189 50
1746617355023 0.83228 51
1746617386784 0.83518 52
1746617418302 0.85716 53
1746617449983 0.86226 54
1746617482118 0.85497 55
1746617513696 0.83134 56
1746617545448 0.8647 57
1746617577329 0.83787 58
1746617609034 0.85097 59
1746617641013 0.84005 60
1746617673103 0.83867 61
1746617704645 0.82493 62
1746617736484 0.84937 63
1746617768209 0.8511 64
1746617799932 0.85074 65
1746617831810 0.85615 66
1746617863663 0.86423 67
1746617895381 0.85124 68
1746617926925 0.84726 69
1746617958688 0.85398 70
1746617990367 0.84826 71
1746618022167 0.83865 72
1746618053696 0.85204 73
1746618085057 0.85268 74
1746618116975 0.85005 75
1746618148576 0.86176 76
1746618180165 0.86089 77
1746618211941 0.85756 78
1746618243722 0.84234 79
1746618275367 0.86093 80
1746618307008 0.85889 81
1746618338558 0.86691 82
1746618370363 0.87537 83
1746618402525 0.85018 84
1746618434142 0.87152 85
1746618465806 0.86438 86
1746618497681 0.87647 87
1746618529295 0.88317 88
1746618561348 0.87229 89
1746618594246 0.85757 90
1746618625214 0.88317 91
1746618656323 0.88589 92
1746618687318 0.85477 93
1746618718581 0.88259 94
1746618749479 0.88455 95
1746618780626 0.86693 96
1746618811876 0.8733 97
1746618843166 0.8781 98
1746618874139 0.8828 99
1746618881211 0.8839440496283436 99
