1746615731393 0.29426 0
1746615764550 0.4574 1
1746615797584 0.50591 2
1746615829138 0.58308 3
1746615861072 0.58274 4
1746615892905 0.61376 5
1746615924749 0.62709 6
1746615957041 0.63273 7
1746615989163 0.67315 8
1746616021034 0.70019 9
1746616052980 0.66672 10
1746616084744 0.67144 11
1746616117218 0.67549 12
1746616148972 0.71968 13
1746616180711 0.70533 14
1746616212505 0.70429 15
1746616244111 0.70276 16
1746616276074 0.70183 17
1746616307966 0.72517 18
1746616339532 0.728 19
1746616371541 0.75001 20
1746616403527 0.7446 21
1746616435118 0.74283 22
1746616466847 0.73824 23
1746616498321 0.7186 24
1746616529884 0.76266 25
1746616562116 0.72082 26
1746616593869 0.72761 27
1746616625477 0.75006 28
1746616657248 0.75182 29
1746616689055 0.74031 30
1746616720993 0.74814 31
1746616752775 0.76894 32
1746616784411 0.75015 33
1746616816189 0.77064 34
1746616848134 0.76779 35
1746616879933 0.75978 36
1746616911811 0.76618 37
1746616943404 0.75625 38
1746616974990 0.76221 39
1746617007028 0.78127 40
1746617038548 0.75559 41
1746617070132 0.76762 42
1746617101820 0.76643 43
1746617133414 0.77032 44
1746617165137 0.75865 45
1746617196904 0.7646 46
1746617228486 0.76374 47
1746617260044 0.77863 48
1746617291890 0.78657 49
1746617323403 0.78006 50
1746617355023 0.76913 51
1746617386784 0.77901 52
1746617418302 0.77292 53
1746617449983 0.77534 54
1746617482118 0.77055 55
1746617513696 0.79394 56
1746617545448 0.77684 57
1746617577329 0.80437 58
1746617609034 0.79785 59
1746617641013 0.78143 60
1746617673103 0.78597 61
1746617704645 0.79896 62
1746617736484 0.79399 63
1746617768209 0.79642 64
1746617799932 0.79861 65
1746617831810 0.80155 66
1746617863663 0.79974 67
1746617895381 0.8154 68
1746617926925 0.79955 69
1746617958688 0.79339 70
1746617990367 0.78895 71
1746618022167 0.78667 72
1746618053696 0.80616 73
1746618085057 0.80239 74
1746618116975 0.78479 75
1746618148576 0.79797 76
1746618180165 0.79773 77
1746618211941 0.78775 78
1746618243722 0.7982 79
1746618275367 0.79067 80
1746618307008 0.79288 81
1746618338558 0.79843 82
1746618370363 0.78969 83
1746618402525 0.79513 84
1746618434142 0.81092 85
1746618465806 0.80385 86
1746618497681 0.80879 87
1746618529295 0.80056 88
1746618561348 0.79827 89
1746618594246 0.80643 90
1746618625214 0.79155 91
1746618656323 0.78019 92
1746618687318 0.8053 93
1746618718581 0.78018 94
1746618749479 0.78035 95
1746618780626 0.80612 96
1746618811876 0.80246 97
1746618843166 0.80037 98
1746618874139 0.79522 99
1746618881211 0.7921615753327605 99
