1745125491496 0.00019343 0
1745125498390 0.000389634053 1
1745125504940 0.0005818761259999999 2
1745125512020 0.0006471900999999999 3
1745125518226 0.0006405867999999999 4
1745125525049 0.0006339834999999999 5
1745125531652 0.0006273801999999999 6
1745125538022 0.0006207769 7
1745125544335 0.0006141736 8
1745125550590 0.0006075703 9
1745125556790 0.000600967 10
1745125563050 0.0005943637 11
1745125569249 0.0005877603999999999 12
1745125575503 0.0005811570999999999 13
1745125581576 0.0005745538 14
1745125587751 0.0005679505 15
1745125593962 0.0005613472 16
1745125600088 0.0005547439 17
1745125606313 0.0005481406 18
1745125612491 0.0005415373 19
1745125618702 0.000534934 20
1745125624914 0.0005283306999999999 21
1745125631190 0.0005217274 22
1745125637343 0.0005151241 23
1745125643627 0.0005085208 24
1745125649944 0.0005019174999999999 25
1745125656068 0.0004953142 26
1745125662218 0.0004887108999999999 27
1745125668297 0.00048210759999999994 28
1745125674334 0.00047550429999999996 29
1745125680471 0.0004689009999999999 30
1745125687065 0.00046229769999999994 31
1745125694925 0.0004556943999999999 32
1745125701107 0.0004490910999999999 33
1745125707160 0.0004424877999999999 34
1745125713178 0.00043588449999999994 35
1745125719282 0.0004292812 36
1745125725449 0.0004226779 37
1745125731473 0.0004160746 38
1745125737504 0.00040947129999999995 39
1745125743506 0.00040286799999999997 40
1745125750374 0.00039626470000000003 41
1745125756443 0.0003896614 42
1745125762428 0.0003830581 43
1745125768428 0.00037645479999999997 44
1745125774440 0.0003698515 45
1745125780631 0.0003632482 46
1745125786877 0.0003566449 47
1745125792902 0.0003500416 48
1745125798967 0.0003434383 49
1745125805051 0.00033683499999999996 50
1745125811121 0.00033023169999999997 51
1745125818278 0.00032362839999999993 52
1745125826762 0.0003170251 53
1745125833111 0.00031042179999999996 54
1745125839950 0.0003038184999999999 55
1745125849855 0.00029721519999999994 56
1745125859800 0.0002906119 57
1745125870442 0.0002840086 58
1745125880691 0.0002774053 59
1745125894144 0.000270802 60
1745125906279 0.00026419869999999996 61
1745125917430 0.0002575954 62
1745125928244 0.0002509921 63
1745125939756 0.0002443888 64
1745125951143 0.00023778549999999997 65
1745125962614 0.00023118219999999996 66
1745125975469 0.00022457889999999994 67
1745125987427 0.00021797559999999996 68
1745125999184 0.00021137230000000003 69
1745126010405 0.00020476900000000002 70
1745126022603 0.0001981657 71
1745126034461 0.0001915624 72
1745126046529 0.0001849591 73
1745126057943 0.0001783558 74
1745126069495 0.00017175249999999999 75
1745126081946 0.00016514919999999997 76
1745126093735 0.0001585459 77
1745126105659 0.00015194259999999998 78
1745126117420 0.00014533929999999997 79
1745126129036 0.00013873599999999995 80
1745126141513 0.00013213269999999994 81
1745126152988 0.00012552940000000004 82
1745126165130 0.00011892610000000001 83
1745126176583 0.00011232280000000003 84
1745126188324 0.00010571950000000002 85
1745126200670 9.91162e-05 86
1745126212592 9.25129e-05 87
1745126224200 8.59096e-05 88
1745126236219 7.930629999999998e-05 89
1745126249963 7.270299999999997e-05 90
1745126261755 6.609969999999997e-05 91
1745126273747 5.949639999999997e-05 92
1745126285206 5.2893099999999956e-05 93
1745126296660 4.6289800000000026e-05 94
1745126307885 3.968650000000003e-05 95
1745126320534 3.308320000000002e-05 96
1745126331923 2.6479900000000017e-05 97
1745126343558 1.9876600000000012e-05 98
1745126354262 1.3273300000000004e-05 99
