1746630309690 2.86728 0
1746630350245 2.82361 1
1746630390326 2.89216 2
1746630430266 2.81902 3
1746630470612 2.7869 4
1746630511594 2.76151 5
1746630551867 2.69406 6
1746630592828 2.66477 7
1746630633098 2.67316 8
1746630674286 2.70015 9
1746630714838 2.59258 10
1746630755708 2.58712 11
1746630795708 2.58967 12
1746630835452 2.58156 13
1746630875562 2.54695 14
1746630915462 2.53125 15
1746630955879 2.49829 16
1746630996097 2.52249 17
1746631036221 2.47638 18
1746631076115 2.44024 19
1746631115886 2.45558 20
1746631155547 2.38718 21
1746631196601 2.44498 22
1746631236688 2.38814 23
1746631277783 2.39665 24
1746631317912 2.35876 25
1746631358464 2.39581 26
1746631398728 2.39088 27
1746631439524 2.36465 28
1746631479392 2.32876 29
1746631520236 2.32325 30
1746631562489 2.35673 31
1746631602771 2.28645 32
1746631643345 2.2723 33
1746631683490 2.30861 34
1746631723517 2.27092 35
1746631763733 2.25964 36
1746631803987 2.26378 37
1746631844743 2.24497 38
1746631884635 2.26242 39
1746631924925 2.22785 40
1746631964900 2.22083 41
1746632004680 2.21327 42
1746632044454 2.20245 43
1746632084152 2.1648 44
1746632124684 2.15633 45
1746632164477 2.16663 46
1746632204263 2.14317 47
1746632244543 2.13787 48
1746632284467 2.14079 49
1746632324548 2.12564 50
1746632364475 2.11001 51
1746632404365 2.13165 52
1746632444373 2.09239 53
1746632484238 2.09057 54
1746632524473 2.10226 55
1746632564364 2.07601 56
1746632604093 2.08148 57
1746632644279 2.068 58
1746632684275 2.04646 59
1746632724883 2.03608 60
1746632764573 2.04414 61
1746632804266 2.0425 62
1746632844149 2.02211 63
1746632884770 2.02404 64
1746632924311 2.0313 65
1746632964685 2.00998 66
1746633004441 2.00334 67
1746633044361 1.99482 68
1746633084151 1.9841 69
1746633124196 1.99582 70
1746633164445 1.95803 71
1746633204572 1.93233 72
1746633245104 1.94123 73
1746633284929 1.93855 74
1746633325082 1.9315 75
1746633365186 1.95121 76
1746633404842 1.91146 77
1746633444575 1.91669 78
1746633484873 1.93242 79
1746633525022 1.90592 80
1746633564766 1.89335 81
1746633605002 1.86174 82
1746633645302 1.85997 83
1746633685476 1.89751 84
1746633725962 1.85288 85
1746633766133 1.85188 86
1746633807163 1.84996 87
1746633847554 1.87734 88
1746633887856 1.82829 89
1746633929074 1.78033 90
1746633969632 1.73776 91
1746634009153 1.73479 92
1746634048606 1.72087 93
1746634090192 1.72516 94
1746634129330 1.69642 95
1746634168818 1.69354 96
1746634208116 1.69596 97
1746634248435 1.69214 98
1746634287800 1.66664 99
