1746630309690 7.36489 0
1746630350245 5.02176 1
1746630390326 4.42496 2
1746630430266 3.94791 3
1746630470612 3.58815 4
1746630511594 3.30815 5
1746630551867 3.10508 6
1746630592828 2.9493 7
1746630633098 2.88077 8
1746630674286 2.87792 9
1746630714838 2.6118 10
1746630755708 2.60395 11
1746630795708 2.54279 12
1746630835452 2.56573 13
1746630875562 2.43761 14
1746630915462 2.38134 15
1746630955879 2.30815 16
1746630996097 2.37096 17
1746631036221 2.28822 18
1746631076115 2.21156 19
1746631115886 2.20923 20
1746631155547 2.08453 21
1746631196601 2.19144 22
1746631236688 2.0676 23
1746631277783 2.05458 24
1746631317912 2.031 25
1746631358464 2.07504 26
1746631398728 2.00891 27
1746631439524 2.0035 28
1746631479392 1.9487 29
1746631520236 1.93317 30
1746631562489 1.93709 31
1746631602771 1.87048 32
1746631643345 1.85775 33
1746631683490 1.88182 34
1746631723517 1.80486 35
1746631763733 1.8387 36
1746631803987 1.82284 37
1746631844743 1.77393 38
1746631884635 1.78371 39
1746631924925 1.75295 40
1746631964900 1.71671 41
1746632004680 1.70495 42
1746632044454 1.67988 43
1746632084152 1.65509 44
1746632124684 1.62348 45
1746632164477 1.62947 46
1746632204263 1.61528 47
1746632244543 1.61766 48
1746632284467 1.62616 49
1746632324548 1.61182 50
1746632364475 1.63436 51
1746632404365 1.56124 52
1746632444373 1.56031 53
1746632484238 1.5572 54
1746632524473 1.57718 55
1746632564364 1.5168 56
1746632604093 1.54173 57
1746632644279 1.49855 58
1746632684275 1.48476 59
1746632724883 1.54318 60
1746632764573 1.4492 61
1746632804266 1.49685 62
1746632844149 1.4626 63
1746632884770 1.45469 64
1746632924311 1.45014 65
1746632964685 1.42531 66
1746633004441 1.42946 67
1746633044361 1.42343 68
1746633084151 1.42137 69
1746633124196 1.39312 70
1746633164445 1.3931 71
1746633204572 1.33692 72
1746633245104 1.35602 73
1746633284929 1.34368 74
1746633325082 1.3584 75
1746633365186 1.36484 76
1746633404842 1.30725 77
1746633444575 1.33669 78
1746633484873 1.35812 79
1746633525022 1.32674 80
1746633564766 1.29616 81
1746633605002 1.30404 82
1746633645302 1.29205 83
1746633685476 1.30549 84
1746633725962 1.27691 85
1746633766133 1.28017 86
1746633807163 1.25126 87
1746633847554 1.27372 88
1746633887856 1.26552 89
1746633929074 1.11362 90
1746633969632 1.05304 91
1746634009153 1.03352 92
1746634048606 1.03542 93
1746634090192 1.0489 94
1746634129330 1.03246 95
1746634168818 1.01733 96
1746634208116 1.01616 97
1746634248435 1.01447 98
1746634287800 1.00959 99
