1746630309690 2.82014 0
1746630350245 2.75998 1
1746630390326 2.76377 2
1746630430266 2.76792 3
1746630470612 2.75246 4
1746630511594 2.69692 5
1746630551867 2.68517 6
1746630592828 2.66741 7
1746630633098 2.67636 8
1746630674286 2.67146 9
1746630714838 2.61112 10
1746630755708 2.59239 11
1746630795708 2.58527 12
1746630835452 2.58759 13
1746630875562 2.56988 14
1746630915462 2.5648 15
1746630955879 2.53285 16
1746630996097 2.55373 17
1746631036221 2.51838 18
1746631076115 2.50409 19
1746631115886 2.51941 20
1746631155547 2.47824 21
1746631196601 2.50561 22
1746631236688 2.48626 23
1746631277783 2.47245 24
1746631317912 2.45964 25
1746631358464 2.45592 26
1746631398728 2.46377 27
1746631439524 2.44647 28
1746631479392 2.42794 29
1746631520236 2.4304 30
1746631562489 2.43992 31
1746631602771 2.40935 32
1746631643345 2.4115 33
1746631683490 2.39925 34
1746631723517 2.40553 35
1746631763733 2.40294 36
1746631803987 2.38474 37
1746631844743 2.36731 38
1746631884635 2.36798 39
1746631924925 2.35846 40
1746631964900 2.3752 41
1746632004680 2.34913 42
1746632044454 2.35931 43
1746632084152 2.33763 44
1746632124684 2.32746 45
1746632164477 2.33867 46
1746632204263 2.31818 47
1746632244543 2.34346 48
1746632284467 2.33303 49
1746632324548 2.32312 50
1746632364475 2.2979 51
1746632404365 2.29295 52
1746632444373 2.31106 53
1746632484238 2.29589 54
1746632524473 2.30453 55
1746632564364 2.28913 56
1746632604093 2.29428 57
1746632644279 2.27439 58
1746632684275 2.28352 59
1746632724883 2.26616 60
1746632764573 2.25641 61
1746632804266 2.27746 62
1746632844149 2.256 63
1746632884770 2.26469 64
1746632924311 2.26019 65
1746632964685 2.24557 66
1746633004441 2.23364 67
1746633044361 2.24045 68
1746633084151 2.2242 69
1746633124196 2.23937 70
1746633164445 2.21638 71
1746633204572 2.2052 72
1746633245104 2.20003 73
1746633284929 2.20202 74
1746633325082 2.1932 75
1746633365186 2.21159 76
1746633404842 2.17961 77
1746633444575 2.20141 78
1746633484873 2.19616 79
1746633525022 2.20081 80
1746633564766 2.18388 81
1746633605002 2.17063 82
1746633645302 2.16356 83
1746633685476 2.19968 84
1746633725962 2.16403 85
1746633766133 2.155 86
1746633807163 2.16983 87
1746633847554 2.16884 88
1746633887856 2.14696 89
1746633929074 2.17144 90
1746633969632 2.14714 91
1746634009153 2.14104 92
1746634048606 2.13858 93
1746634090192 2.13248 94
1746634129330 2.12818 95
1746634168818 2.11145 96
1746634208116 2.12114 97
1746634248435 2.10172 98
1746634287800 2.11659 99
