1745128457234 0.00541 0
1745128472929 0.97741 1
1745128488750 0.87569 2
1745128503613 0.73343 3
1745128518559 0.5114 4
1745128533587 0.44872 5
1745128549958 0.61925 6
1745128566471 0.60955 7
1745128581473 0.54417 8
1745128597277 0.59979 9
1745128612334 0.5791 10
1745128627036 0.56352 11
1745128642188 0.63675 12
1745128657700 0.66824 13
1745128673519 0.66728 14
1745128687931 0.64729 15
1745128702153 0.67584 16
1745128718821 0.68871 17
1745128734558 0.63878 18
1745128749249 0.63709 19
1745128764768 0.69694 20
1745128780071 0.7081 21
1745128795439 0.69077 22
1745128809939 0.7582 23
1745128825614 0.74686 24
1745128840954 0.70522 25
1745128855725 0.72953 26
1745128870814 0.66803 27
1745128885581 0.70441 28
1745128900565 0.69039 29
1745128917070 0.77266 30
1745128932200 0.70023 31
1745128947526 0.69631 32
1745128962851 0.7453 33
1745128977337 0.70614 34
1745128992433 0.74545 35
1745129007678 0.67723 36
1745129023933 0.71417 37
1745129038857 0.77435 38
1745129054330 0.77388 39
1745129070754 0.7197 40
1745129085168 0.70811 41
1745129101792 0.76624 42
1745129117021 0.72818 43
1745129131808 0.75666 44
1745129146798 0.72132 45
1745129162534 0.76739 46
1745129178696 0.72749 47
1745129194002 0.76056 48
1745129209589 0.75804 49
1745129225402 0.70347 50
1745129241801 0.7423 51
1745129258241 0.74182 52
1745129273367 0.70298 53
1745129288422 0.7555 54
1745129303436 0.74622 55
1745129319233 0.75018 56
1745129335550 0.74647 57
1745129350745 0.73921 58
1745129367545 0.76216 59
1745129382280 0.75133 60
1745129397102 0.77559 61
1745129411829 0.72356 62
1745129426972 0.75456 63
1745129442182 0.74118 64
1745129457406 0.84439 65
1745129471773 0.73532 66
1745129486368 0.76978 67
1745129501375 0.7313 68
1745129518411 0.77039 69
1745129533052 0.74982 70
1745129542801 0.79609 71
1745129552938 0.76235 72
1745129561855 0.78387 73
1745129570345 0.77858 74
1745129579271 0.77962 75
1745129587727 0.78309 76
1745129596379 0.789 77
1745129604959 0.76496 78
1745129613638 0.81042 79
1745129622129 0.78599 80
1745129630981 0.75798 81
1745129639575 0.76969 82
1745129648170 0.78877 83
1745129656676 0.78313 84
1745129665081 0.78603 85
1745129674033 0.80234 86
1745129682548 0.77549 87
1745129691232 0.78382 88
1745129699892 0.76302 89
1745129710391 0.7819 90
1745129718928 0.78968 91
1745129727579 0.78099 92
1745129736103 0.77135 93
1745129744547 0.76705 94
1745129753074 0.75081 95
1745129761627 0.80044 96
1745129772611 0.80799 97
1745129781395 0.80544 98
1745129789932 0.78303 99
1745129797482 0.7869825979183862 99
