1745125860310 0.01874 0
1745125879569 0.04676 1
1745125895822 0.09725 2
1745125910905 0.14716 3
1745125928501 0.17194 4
1745125944622 0.18876 5
1745125962697 0.22246 6
1745125977274 0.21934 7
1745125992423 0.21748 8
1745126008168 0.26093 9
1745126023469 0.2772 10
1745126037992 0.27091 11
1745126053347 0.26618 12
1745126068571 0.29762 13
1745126083324 0.2931 14
1745126098143 0.29511 15
1745126113059 0.29004 16
1745126127958 0.30915 17
1745126142917 0.31143 18
1745126157991 0.30746 19
1745126173112 0.30825 20
1745126188690 0.32342 21
1745126203149 0.32321 22
1745126218522 0.31398 23
1745126233279 0.33182 24
1745126246933 0.32845 25
1745126262178 0.3199 26
1745126276829 0.3289 27
1745126291834 0.31646 28
1745126307108 0.33293 29
1745126321529 0.34656 30
1745126336424 0.33983 31
1745126352054 0.34044 32
1745126363844 0.34129 33
1745126372877 0.34633 34
1745126383733 0.34614 35
1745126392221 0.34033 36
1745126400646 0.33805 37
1745126409032 0.3492 38
1745126417458 0.34661 39
1745126426053 0.35619 40
1745126434394 0.35265 41
1745126442722 0.35916 42
1745126451030 0.35603 43
1745126459393 0.35867 44
1745126467801 0.37021 45
1745126476420 0.35671 46
1745126484788 0.35921 47
1745126493207 0.36212 48
1745126501532 0.36263 49
1745126509926 0.3627 50
1745126518340 0.35913 51
1745126527083 0.3546 52
1745126535774 0.36762 53
1745126544262 0.37054 54
1745126552816 0.36514 55
1745126561400 0.37452 56
1745126569780 0.37103 57
1745126578557 0.37106 58
1745126587030 0.36695 59
1745126595456 0.37021 60
1745126603921 0.37111 61
1745126612320 0.36817 62
1745126621147 0.37153 63
1745126629513 0.37202 64
1745126638097 0.37712 65
1745126646460 0.37416 66
1745126654994 0.37158 67
1745126663582 0.3811 68
1745126672299 0.3779 69
1745126680794 0.37603 70
1745126689336 0.38471 71
1745126697738 0.37794 72
1745126706361 0.37654 73
1745126715028 0.38452 74
1745126723866 0.37861 75
1745126732302 0.37637 76
1745126740960 0.37679 77
1745126749302 0.37976 78
1745126757812 0.38154 79
1745126766281 0.38496 80
1745126775120 0.38452 81
1745126783582 0.38577 82
1745126792074 0.38462 83
1745126800431 0.38427 84
1745126808932 0.39144 85
1745126817623 0.38892 86
1745126826157 0.38952 87
1745126834517 0.38746 88
1745126843048 0.38224 89
1745126853526 0.37669 90
1745126861947 0.37727 91
1745126870607 0.37941 92
1745126878900 0.38095 93
1745126887195 0.386 94
1745126895528 0.38513 95
1745126903878 0.38438 96
1745126912467 0.38381 97
1745126920956 0.38599 98
1745126929273 0.38337 99
1745126936677 0.39162453843878237 99
