1745125860310 0.03271 0
1745125879569 0.08195 1
1745125895822 0.16891 2
1745125910905 0.27666 3
1745125928501 0.33377 4
1745125944622 0.40247 5
1745125962697 0.44744 6
1745125977274 0.44703 7
1745125992423 0.4278 8
1745126008168 0.48411 9
1745126023469 0.5106 10
1745126037992 0.50578 11
1745126053347 0.50729 12
1745126068571 0.5531 13
1745126083324 0.54842 14
1745126098143 0.53769 15
1745126113059 0.53693 16
1745126127958 0.57294 17
1745126142917 0.56805 18
1745126157991 0.56152 19
1745126173112 0.56646 20
1745126188690 0.59651 21
1745126203149 0.57383 22
1745126218522 0.5781 23
1745126233279 0.60333 24
1745126246933 0.58267 25
1745126262178 0.58043 26
1745126276829 0.59644 27
1745126291834 0.57529 28
1745126307108 0.59752 29
1745126321529 0.61033 30
1745126336424 0.62186 31
1745126352054 0.6088 32
1745126363844 0.60772 33
1745126372877 0.60167 34
1745126383733 0.59027 35
1745126392221 0.59192 36
1745126400646 0.59105 37
1745126409032 0.61068 38
1745126417458 0.60567 39
1745126426053 0.6257 40
1745126434394 0.61929 41
1745126442722 0.63936 42
1745126451030 0.6296 43
1745126459393 0.63758 44
1745126467801 0.64165 45
1745126476420 0.62941 46
1745126484788 0.63336 47
1745126493207 0.63219 48
1745126501532 0.62147 49
1745126509926 0.62342 50
1745126518340 0.62912 51
1745126527083 0.61388 52
1745126535774 0.63437 53
1745126544262 0.63174 54
1745126552816 0.63634 55
1745126561400 0.6498 56
1745126569780 0.6402 57
1745126578557 0.64259 58
1745126587030 0.63761 59
1745126595456 0.64912 60
1745126603921 0.6415 61
1745126612320 0.6381 62
1745126621147 0.6468 63
1745126629513 0.6466 64
1745126638097 0.65072 65
1745126646460 0.65049 66
1745126654994 0.641 67
1745126663582 0.65371 68
1745126672299 0.64522 69
1745126680794 0.64531 70
1745126689336 0.65751 71
1745126697738 0.64546 72
1745126706361 0.64715 73
1745126715028 0.65379 74
1745126723866 0.64965 75
1745126732302 0.64367 76
1745126740960 0.65529 77
1745126749302 0.66182 78
1745126757812 0.65645 79
1745126766281 0.66297 80
1745126775120 0.65911 81
1745126783582 0.65955 82
1745126792074 0.66668 83
1745126800431 0.66011 84
1745126808932 0.66901 85
1745126817623 0.66015 86
1745126826157 0.66191 87
1745126834517 0.65926 88
1745126843048 0.65571 89
1745126853526 0.64792 90
1745126861947 0.65069 91
1745126870607 0.6542 92
1745126878900 0.6512 93
1745126887195 0.64939 94
1745126895528 0.65108 95
1745126903878 0.65655 96
1745126912467 0.65833 97
1745126920956 0.6578 98
1745126929273 0.65333 99
1745126936677 0.6691213738820925 99
