1745125860310 0.00541 0
1745125879569 0.97741 1
1745125895822 0.87569 2
1745125910905 0.73343 3
1745125928501 0.5114 4
1745125944622 0.44872 5
1745125962697 0.61925 6
1745125977274 0.60955 7
1745125992423 0.54417 8
1745126008168 0.59979 9
1745126023469 0.5791 10
1745126037992 0.56352 11
1745126053347 0.63675 12
1745126068571 0.66824 13
1745126083324 0.66728 14
1745126098143 0.64729 15
1745126113059 0.67584 16
1745126127958 0.68871 17
1745126142917 0.63878 18
1745126157991 0.63709 19
1745126173112 0.69694 20
1745126188690 0.7081 21
1745126203149 0.69077 22
1745126218522 0.7582 23
1745126233279 0.74686 24
1745126246933 0.70522 25
1745126262178 0.72953 26
1745126276829 0.66803 27
1745126291834 0.70441 28
1745126307108 0.69039 29
1745126321529 0.77266 30
1745126336424 0.70023 31
1745126352054 0.69631 32
1745126363844 0.7453 33
1745126372877 0.70614 34
1745126383733 0.74545 35
1745126392221 0.67723 36
1745126400646 0.71417 37
1745126409032 0.77435 38
1745126417458 0.77388 39
1745126426053 0.7197 40
1745126434394 0.70811 41
1745126442722 0.76624 42
1745126451030 0.72818 43
1745126459393 0.75666 44
1745126467801 0.72132 45
1745126476420 0.76739 46
1745126484788 0.72749 47
1745126493207 0.76056 48
1745126501532 0.75804 49
1745126509926 0.70347 50
1745126518340 0.7423 51
1745126527083 0.74182 52
1745126535774 0.70298 53
1745126544262 0.7555 54
1745126552816 0.74622 55
1745126561400 0.75018 56
1745126569780 0.74647 57
1745126578557 0.73921 58
1745126587030 0.76216 59
1745126595456 0.75133 60
1745126603921 0.77559 61
1745126612320 0.72356 62
1745126621147 0.75456 63
1745126629513 0.74118 64
1745126638097 0.84439 65
1745126646460 0.73532 66
1745126654994 0.76978 67
1745126663582 0.7313 68
1745126672299 0.77039 69
1745126680794 0.74982 70
1745126689336 0.79609 71
1745126697738 0.76235 72
1745126706361 0.78387 73
1745126715028 0.77858 74
1745126723866 0.77962 75
1745126732302 0.78309 76
1745126740960 0.789 77
1745126749302 0.76496 78
1745126757812 0.81042 79
1745126766281 0.78599 80
1745126775120 0.75798 81
1745126783582 0.76969 82
1745126792074 0.78877 83
1745126800431 0.78313 84
1745126808932 0.78603 85
1745126817623 0.80234 86
1745126826157 0.77549 87
1745126834517 0.78382 88
1745126843048 0.76302 89
1745126853526 0.7819 90
1745126861947 0.78968 91
1745126870607 0.78099 92
1745126878900 0.77135 93
1745126887195 0.76705 94
1745126895528 0.75081 95
1745126903878 0.80044 96
1745126912467 0.80799 97
1745126920956 0.80544 98
1745126929273 0.78303 99
1745126936677 0.7869825979183862 99
