1745125860310 0.12394 0
1745125879569 0.01701 1
1745125895822 0.06276 2
1745125910905 0.24859 3
1745125928501 0.3331 4
1745125944622 0.40026 5
1745125962697 0.41491 6
1745125977274 0.4058 7
1745125992423 0.433 8
1745126008168 0.4815 9
1745126023469 0.48695 10
1745126037992 0.48741 11
1745126053347 0.44181 12
1745126068571 0.53815 13
1745126083324 0.52765 14
1745126098143 0.51774 15
1745126113059 0.49976 16
1745126127958 0.53153 17
1745126142917 0.52797 18
1745126157991 0.53697 19
1745126173112 0.51376 20
1745126188690 0.56458 21
1745126203149 0.53056 22
1745126218522 0.52034 23
1745126233279 0.55075 24
1745126246933 0.53919 25
1745126262178 0.52992 26
1745126276829 0.56594 27
1745126291834 0.52123 28
1745126307108 0.54757 29
1745126321529 0.54296 30
1745126336424 0.57515 31
1745126352054 0.57443 32
1745126363844 0.5521 33
1745126372877 0.54644 34
1745126383733 0.55077 35
1745126392221 0.56005 36
1745126400646 0.563 37
1745126409032 0.54536 38
1745126417458 0.55411 39
1745126426053 0.58663 40
1745126434394 0.59075 41
1745126442722 0.5897 42
1745126451030 0.58348 43
1745126459393 0.57331 44
1745126467801 0.60895 45
1745126476420 0.56392 46
1745126484788 0.59448 47
1745126493207 0.57269 48
1745126501532 0.55652 49
1745126509926 0.59511 50
1745126518340 0.59093 51
1745126527083 0.57085 52
1745126535774 0.61296 53
1745126544262 0.57837 54
1745126552816 0.58631 55
1745126561400 0.60418 56
1745126569780 0.59873 57
1745126578557 0.59245 58
1745126587030 0.58728 59
1745126595456 0.60514 60
1745126603921 0.58325 61
1745126612320 0.5933 62
1745126621147 0.5902 63
1745126629513 0.59885 64
1745126638097 0.55881 65
1745126646460 0.6097 66
1745126654994 0.57792 67
1745126663582 0.61412 68
1745126672299 0.58418 69
1745126680794 0.58967 70
1745126689336 0.57324 71
1745126697738 0.58356 72
1745126706361 0.58769 73
1745126715028 0.59966 74
1745126723866 0.6063 75
1745126732302 0.60493 76
1745126740960 0.602 77
1745126749302 0.6147 78
1745126757812 0.57712 79
1745126766281 0.61796 80
1745126775120 0.60157 81
1745126783582 0.59858 82
1745126792074 0.59773 83
1745126800431 0.60087 84
1745126808932 0.61534 85
1745126817623 0.58543 86
1745126826157 0.60362 87
1745126834517 0.59122 88
1745126843048 0.60107 89
1745126853526 0.59403 90
1745126861947 0.60558 91
1745126870607 0.60246 92
1745126878900 0.60288 93
1745126887195 0.60556 94
1745126895528 0.60867 95
1745126903878 0.59237 96
1745126912467 0.59456 97
1745126920956 0.60035 98
1745126929273 0.59565 99
1745126936677 0.6156065870292424 99
