1746620287069 0.00022111172161172162 0
1746620319580 0.0004390549489010989 1
1746620351183 0.0006525959761904761 2
1746620382682 0.0006471900999999999 3
1746620414090 0.0006405867999999999 4
1746620445563 0.0006339834999999999 5
1746620476741 0.0006273801999999999 6
1746620508173 0.0006207769 7
1746620539645 0.0006141736 8
1746620570690 0.0006075703 9
1746620601792 0.000600967 10
1746620633628 0.0005943637 11
1746620665164 0.0005877603999999999 12
1746620696303 0.0005811570999999999 13
1746620727562 0.0005745538 14
1746620759056 0.0005679505 15
1746620790528 0.0005613472 16
1746620821689 0.0005547439 17
1746620853058 0.0005481406 18
1746620884557 0.0005415373 19
1746620915822 0.000534934 20
1746620946941 0.0005283306999999999 21
1746620978515 0.0005217274 22
1746621010161 0.0005151241 23
1746621041416 0.0005085208 24
1746621072740 0.0005019174999999999 25
1746621104864 0.0004953142 26
1746621136801 0.0004887108999999999 27
1746621168448 0.00048210759999999994 28
1746621200056 0.00047550429999999996 29
1746621231699 0.0004689009999999999 30
1746621263252 0.00046229769999999994 31
1746621294864 0.0004556943999999999 32
1746621326161 0.0004490910999999999 33
1746621357457 0.0004424877999999999 34
1746621388895 0.00043588449999999994 35
1746621420441 0.0004292812 36
1746621451571 0.0004226779 37
1746621483135 0.0004160746 38
1746621514934 0.00040947129999999995 39
1746621546306 0.00040286799999999997 40
1746621577719 0.00039626470000000003 41
1746621610081 0.0003896614 42
1746621641308 0.0003830581 43
1746621672737 0.00037645479999999997 44
1746621704772 0.0003698515 45
1746621736191 0.0003632482 46
1746621767620 0.0003566449 47
1746621799243 0.0003500416 48
1746621830738 0.0003434383 49
1746621862070 0.00033683499999999996 50
1746621893539 0.00033023169999999997 51
1746621925213 0.00032362839999999993 52
1746621956247 0.0003170251 53
1746621987546 0.00031042179999999996 54
1746622019515 0.0003038184999999999 55
1746622050622 0.00029721519999999994 56
1746622082842 0.0002906119 57
1746622114584 0.0002840086 58
1746622146471 0.0002774053 59
1746622178038 0.000270802 60
1746622210138 0.00026419869999999996 61
1746622241695 0.0002575954 62
1746622273111 0.0002509921 63
1746622304545 0.0002443888 64
1746622335452 0.00023778549999999997 65
1746622366590 0.00023118219999999996 66
1746622398262 0.00022457889999999994 67
1746622430028 0.00021797559999999996 68
1746622461970 0.00021137230000000003 69
1746622493458 0.00020476900000000002 70
1746622525206 0.0001981657 71
1746622557623 0.0001915624 72
1746622589916 0.0001849591 73
1746622622042 0.0001783558 74
1746622654595 0.00017175249999999999 75
1746622686491 0.00016514919999999997 76
1746622717755 0.0001585459 77
1746622749220 0.00015194259999999998 78
1746622780651 0.00014533929999999997 79
1746622811669 0.00013873599999999995 80
1746622842810 0.00013213269999999994 81
1746622874284 0.00012552940000000004 82
1746622905724 0.00011892610000000001 83
1746622936923 0.00011232280000000003 84
1746622968565 0.00010571950000000002 85
1746623000190 9.91162e-05 86
1746623031935 9.25129e-05 87
1746623066589 8.59096e-05 88
1746623101698 7.930629999999998e-05 89
1746623134758 7.270299999999997e-05 90
1746623165694 6.609969999999997e-05 91
1746623196666 5.949639999999997e-05 92
1746623227800 5.2893099999999956e-05 93
