1745128452401 0.00019343 0
1745128470314 0.000389634053 1
1745128485278 0.0005818761259999999 2
1745128500251 0.0006471900999999999 3
1745128515521 0.0006405867999999999 4
1745128531019 0.0006339834999999999 5
1745128545865 0.0006273801999999999 6
1745128564266 0.0006207769 7
1745128578902 0.0006141736 8
1745128593875 0.0006075703 9
1745128609019 0.000600967 10
1745128624308 0.0005943637 11
1745128639512 0.0005877603999999999 12
1745128654124 0.0005811570999999999 13
1745128670333 0.0005745538 14
1745128685814 0.0005679505 15
1745128700142 0.0005613472 16
1745128715361 0.0005547439 17
1745128730884 0.0005481406 18
1745128746894 0.0005415373 19
1745128761501 0.000534934 20
1745128776835 0.0005283306999999999 21
1745128792700 0.0005217274 22
1745128807741 0.0005151241 23
1745128822008 0.0005085208 24
1745128837786 0.0005019174999999999 25
1745128852978 0.0004953142 26
1745128868374 0.0004887108999999999 27
1745128882530 0.00048210759999999994 28
1745128897458 0.00047550429999999996 29
1745128912939 0.0004689009999999999 30
1745128929426 0.00046229769999999994 31
1745128944208 0.0004556943999999999 32
1745128959663 0.0004490910999999999 33
1745128975312 0.0004424877999999999 34
1745128989645 0.00043588449999999994 35
1745129004428 0.0004292812 36
1745129019454 0.0004226779 37
1745129036437 0.0004160746 38
1745129050949 0.00040947129999999995 39
1745129067498 0.00040286799999999997 40
1745129083121 0.00039626470000000003 41
1745129098148 0.0003896614 42
1745129113810 0.0003830581 43
1745129129116 0.00037645479999999997 44
1745129144593 0.0003698515 45
1745129158933 0.0003632482 46
1745129175033 0.0003566449 47
1745129192069 0.0003500416 48
1745129206306 0.0003434383 49
1745129221380 0.00033683499999999996 50
1745129238235 0.00033023169999999997 51
1745129254516 0.00032362839999999993 52
1745129270160 0.0003170251 53
1745129286201 0.00031042179999999996 54
1745129300922 0.0003038184999999999 55
1745129315421 0.00029721519999999994 56
1745129333146 0.0002906119 57
1745129347991 0.0002840086 58
1745129363811 0.0002774053 59
1745129379284 0.000270802 60
1745129394611 0.00026419869999999996 61
1745129409533 0.0002575954 62
1745129424091 0.0002509921 63
1745129438935 0.0002443888 64
1745129454141 0.00023778549999999997 65
1745129469803 0.00023118219999999996 66
1745129484179 0.00022457889999999994 67
1745129498141 0.00021797559999999996 68
1745129514043 0.00021137230000000003 69
1745129531226 0.00020476900000000002 70
1745129541336 0.0001981657 71
1745129551025 0.0001915624 72
1745129560417 0.0001849591 73
1745129569032 0.0001783558 74
1745129577523 0.00017175249999999999 75
1745129586374 0.00016514919999999997 76
1745129594972 0.0001585459 77
1745129603570 0.00015194259999999998 78
1745129612139 0.00014533929999999997 79
1745129620794 0.00013873599999999995 80
1745129629390 0.00013213269999999994 81
1745129638172 0.00012552940000000004 82
1745129646757 0.00011892610000000001 83
1745129655359 0.00011232280000000003 84
1745129663799 0.00010571950000000002 85
1745129672271 9.91162e-05 86
1745129681238 9.25129e-05 87
1745129689750 8.59096e-05 88
1745129698528 7.930629999999998e-05 89
1745129709001 7.270299999999997e-05 90
1745129717536 6.609969999999997e-05 91
1745129725935 5.949639999999997e-05 92
1745129734712 5.2893099999999956e-05 93
1745129743159 4.6289800000000026e-05 94
1745129751664 3.968650000000003e-05 95
1745129760254 3.308320000000002e-05 96
1745129770384 2.6479900000000017e-05 97
1745129779887 1.9876600000000012e-05 98
1745129788518 1.3273300000000004e-05 99
