1746615728671 2.63008 0
1746615761876 2.62188 1
1746615794535 2.69994 2
1746615826653 2.69409 3
1746615858412 2.6562 4
1746615890418 2.58607 5
1746615922198 2.54868 6
1746615954328 2.55046 7
1746615986661 2.47368 8
1746616018402 2.47346 9
1746616050516 2.45214 10
1746616082224 2.4282 11
1746616114252 2.4075 12
1746616146491 2.37299 13
1746616178173 2.37523 14
1746616210038 2.35203 15
1746616241654 2.3024 16
1746616273512 2.30828 17
1746616305502 2.28172 18
1746616337063 2.27709 19
1746616368964 2.3002 20
1746616400810 2.24524 21
1746616432624 2.26137 22
1746616464432 2.22593 23
1746616495884 2.22863 24
1746616527401 2.21446 25
1746616559221 2.16756 26
1746616591404 2.18466 27
1746616622941 2.17819 28
1746616654835 2.18275 29
1746616686620 2.17103 30
1746616718419 2.12954 31
1746616750312 2.13671 32
1746616782007 2.11222 33
1746616813644 2.10683 34
1746616845420 2.07992 35
1746616877426 2.09905 36
1746616909193 2.08005 37
1746616940914 2.0701 38
1746616972469 2.07526 39
1746617004174 2.04111 40
1746617036138 2.05546 41
1746617067613 2.01968 42
1746617099411 2.04802 43
1746617130971 2.00028 44
1746617162353 1.97768 45
1746617194431 2.01134 46
1746617226062 1.96239 47
1746617257543 1.9793 48
1746617289286 1.97299 49
1746617321013 1.95814 50
1746617352535 1.97043 51
1746617384223 1.95392 52
1746617415870 1.9197 53
1746617447480 1.93588 54
1746617479384 1.94947 55
1746617511208 1.88748 56
1746617542898 1.91728 57
1746617574891 1.90018 58
1746617606586 1.85045 59
1746617638183 1.89582 60
1746617670661 1.8865 61
1746617702179 1.88754 62
1746617733897 1.85652 63
1746617765728 1.83721 64
1746617797153 1.81044 65
1746617829242 1.8431 66
1746617861244 1.84704 67
1746617892856 1.84045 68
1746617924485 1.80846 69
1746617956234 1.8024 70
1746617987855 1.80281 71
1746618019732 1.81669 72
1746618051241 1.76067 73
1746618082583 1.75638 74
1746618114579 1.75789 75
1746618146149 1.74811 76
1746618177634 1.75008 77
1746618209508 1.74789 78
1746618240998 1.73388 79
1746618272835 1.72837 80
1746618304586 1.71728 81
1746618336104 1.70461 82
1746618367840 1.74186 83
1746618400091 1.71082 84
1746618431651 1.69956 85
1746618463235 1.69445 86
1746618495177 1.68063 87
1746618526819 1.68892 88
1746618558758 1.6788 89
1746618591766 1.60798 90
1746618622731 1.58067 91
1746618653817 1.58066 92
1746618684900 1.56218 93
1746618716157 1.54877 94
1746618747015 1.55 95
1746618778118 1.54076 96
1746618809317 1.53041 97
1746618840455 1.51628 98
1746618871696 1.51296 99
