1746615728671 6.26548 0
1746615761876 4.4331 1
1746615794535 3.80199 2
1746615826653 3.38554 3
1746615858412 3.0989 4
1746615890418 2.75519 5
1746615922198 2.62641 6
1746615954328 2.57153 7
1746615986661 2.38239 8
1746616018402 2.32554 9
1746616050516 2.29636 10
1746616082224 2.22803 11
1746616114252 2.213 12
1746616146491 2.11767 13
1746616178173 2.12956 14
1746616210038 2.06392 15
1746616241654 2.00204 16
1746616273512 1.98769 17
1746616305502 1.92759 18
1746616337063 1.92597 19
1746616368964 1.89008 20
1746616400810 1.89382 21
1746616432624 1.873 22
1746616464432 1.8041 23
1746616495884 1.81842 24
1746616527401 1.80308 25
1746616559221 1.74855 26
1746616591404 1.69554 27
1746616622941 1.7321 28
1746616654835 1.71454 29
1746616686620 1.68865 30
1746616718419 1.64749 31
1746616750312 1.66371 32
1746616782007 1.62204 33
1746616813644 1.6048 34
1746616845420 1.59001 35
1746616877426 1.60878 36
1746616909193 1.57188 37
1746616940914 1.58002 38
1746616972469 1.57259 39
1746617004174 1.49688 40
1746617036138 1.52997 41
1746617067613 1.49519 42
1746617099411 1.50684 43
1746617130971 1.49299 44
1746617162353 1.46648 45
1746617194431 1.49219 46
1746617226062 1.44279 47
1746617257543 1.45559 48
1746617289286 1.4185 49
1746617321013 1.43105 50
1746617352535 1.44823 51
1746617384223 1.40553 52
1746617415870 1.37137 53
1746617447480 1.3863 54
1746617479384 1.38781 55
1746617511208 1.34603 56
1746617542898 1.35824 57
1746617574891 1.35099 58
1746617606586 1.32058 59
1746617638183 1.37136 60
1746617670661 1.30152 61
1746617702179 1.32043 62
1746617733897 1.31467 63
1746617765728 1.30011 64
1746617797153 1.25274 65
1746617829242 1.26215 66
1746617861244 1.27596 67
1746617892856 1.27401 68
1746617924485 1.25962 69
1746617956234 1.24316 70
1746617987855 1.25192 71
1746618019732 1.23613 72
1746618051241 1.1922 73
1746618082583 1.20262 74
1746618114579 1.20685 75
1746618146149 1.18632 76
1746618177634 1.22497 77
1746618209508 1.1984 78
1746618240998 1.18677 79
1746618272835 1.17614 80
1746618304586 1.1835 81
1746618336104 1.13158 82
1746618367840 1.17759 83
1746618400091 1.14092 84
1746618431651 1.15342 85
1746618463235 1.12055 86
1746618495177 1.14374 87
1746618526819 1.14401 88
1746618558758 1.11331 89
1746618591766 0.97589 90
1746618622731 0.9349 91
1746618653817 0.9278 92
1746618684900 0.91893 93
1746618716157 0.91786 94
1746618747015 0.90558 95
1746618778118 0.90953 96
1746618809317 0.89633 97
1746618840455 0.87608 98
1746618871696 0.89187 99
