1746615728671 2.75429 0
1746615761876 2.71244 1
1746615794535 2.74737 2
1746615826653 2.74572 3
1746615858412 2.71164 4
1746615890418 2.6602 5
1746615922198 2.64172 6
1746615954328 2.62362 7
1746615986661 2.58657 8
1746616018402 2.5818 9
1746616050516 2.57657 10
1746616082224 2.55091 11
1746616114252 2.55258 12
1746616146491 2.52665 13
1746616178173 2.5404 14
1746616210038 2.51531 15
1746616241654 2.48466 16
1746616273512 2.47896 17
1746616305502 2.45742 18
1746616337063 2.47488 19
1746616368964 2.45708 20
1746616400810 2.4414 21
1746616432624 2.4527 22
1746616464432 2.42265 23
1746616495884 2.44422 24
1746616527401 2.42775 25
1746616559221 2.40139 26
1746616591404 2.39667 27
1746616622941 2.40244 28
1746616654835 2.40409 29
1746616686620 2.39234 30
1746616718419 2.36774 31
1746616750312 2.36898 32
1746616782007 2.37438 33
1746616813644 2.37024 34
1746616845420 2.3308 35
1746616877426 2.33429 36
1746616909193 2.33402 37
1746616940914 2.33079 38
1746616972469 2.3383 39
1746617004174 2.3243 40
1746617036138 2.32704 41
1746617067613 2.30983 42
1746617099411 2.31185 43
1746617130971 2.281 44
1746617162353 2.30153 45
1746617194431 2.29883 46
1746617226062 2.26231 47
1746617257543 2.28634 48
1746617289286 2.26649 49
1746617321013 2.27931 50
1746617352535 2.28294 51
1746617384223 2.27963 52
1746617415870 2.2422 53
1746617447480 2.2596 54
1746617479384 2.25854 55
1746617511208 2.23311 56
1746617542898 2.2438 57
1746617574891 2.23871 58
1746617606586 2.21824 59
1746617638183 2.23576 60
1746617670661 2.2372 61
1746617702179 2.22461 62
1746617733897 2.22288 63
1746617765728 2.20075 64
1746617797153 2.18124 65
1746617829242 2.19477 66
1746617861244 2.19452 67
1746617892856 2.19466 68
1746617924485 2.21354 69
1746617956234 2.17911 70
1746617987855 2.17514 71
1746618019732 2.17942 72
1746618051241 2.16032 73
1746618082583 2.15989 74
1746618114579 2.15711 75
1746618146149 2.14349 76
1746618177634 2.15999 77
1746618209508 2.16069 78
1746618240998 2.14299 79
1746618272835 2.14782 80
1746618304586 2.15039 81
1746618336104 2.13401 82
1746618367840 2.13706 83
1746618400091 2.12446 84
1746618431651 2.15223 85
1746618463235 2.1264 86
1746618495177 2.12332 87
1746618526819 2.12624 88
1746618558758 2.13796 89
1746618591766 2.10796 90
1746618622731 2.09372 91
1746618653817 2.10279 92
1746618684900 2.08285 93
1746618716157 2.08064 94
1746618747015 2.0813 95
1746618778118 2.07098 96
1746618809317 2.05449 97
1746618840455 2.05549 98
1746618871696 2.05517 99
