1745130953945 0.00019343 0
1745130960388 0.000389634053 1
1745130966694 0.0005818761259999999 2
1745130972917 0.0006471900999999999 3
1745130979179 0.0006405867999999999 4
1745130985813 0.0006339834999999999 5
1745130991921 0.0006273801999999999 6
1745130998154 0.0006207769 7
1745131004287 0.0006141736 8
1745131010545 0.0006075703 9
1745131016729 0.000600967 10
1745131023052 0.0005943637 11
1745131029222 0.0005877603999999999 12
1745131035780 0.0005811570999999999 13
1745131041927 0.0005745538 14
1745131048110 0.0005679505 15
1745131054300 0.0005613472 16
1745131060419 0.0005547439 17
1745131066704 0.0005481406 18
1745131072927 0.0005415373 19
1745131079363 0.000534934 20
1745131085637 0.0005283306999999999 21
1745131091747 0.0005217274 22
1745131097956 0.0005151241 23
1745131104093 0.0005085208 24
1745131110329 0.0005019174999999999 25
1745131116432 0.0004953142 26
1745131122646 0.0004887108999999999 27
1745131129054 0.00048210759999999994 28
1745131135388 0.00047550429999999996 29
1745131141496 0.0004689009999999999 30
1745131147655 0.00046229769999999994 31
1745131153837 0.0004556943999999999 32
1745131159993 0.0004490910999999999 33
1745131166144 0.0004424877999999999 34
1745131172228 0.00043588449999999994 35
1745131178532 0.0004292812 36
1745131184586 0.0004226779 37
1745131190808 0.0004160746 38
1745131196929 0.00040947129999999995 39
1745131203162 0.00040286799999999997 40
1745131209379 0.00039626470000000003 41
1745131215476 0.0003896614 42
1745131221840 0.0003830581 43
1745131227962 0.00037645479999999997 44
1745131234116 0.0003698515 45
1745131240409 0.0003632482 46
1745131246466 0.0003566449 47
1745131252583 0.0003500416 48
1745131258824 0.0003434383 49
1745131264967 0.00033683499999999996 50
1745131271388 0.00033023169999999997 51
1745131277441 0.00032362839999999993 52
1745131283664 0.0003170251 53
