1746610907093 0.0003310344827586207 0
1746610945116 0.0006577905747126438 1
1746610981357 0.0009779466666666667 2
1746611017380 0.0009703 3
1746611053716 0.0009603999999999999 4
1746611089777 0.0009505000000000001 5
1746611125378 0.0009406 6
1746611161371 0.0009307 7
1746611198101 0.0009208 8
1746611234062 0.0009109000000000001 9
1746611270526 0.000901 10
1746611306280 0.0008911 11
1746611342207 0.0008812 12
1746611378303 0.0008713 13
1746611414034 0.0008614 14
1746611449730 0.0008515 15
1746611485260 0.0008416000000000001 16
1746611520846 0.0008317 17
1746611556472 0.0008218000000000001 18
1746611591952 0.0008119000000000001 19
1746611628122 0.0008020000000000001 20
1746611663998 0.0007921 21
1746611699713 0.0007822 22
1746611735295 0.0007723 23
1746611771116 0.0007624 24
1746611807854 0.0007524999999999999 25
1746611843653 0.0007426 26
1746611879370 0.0007327000000000001 27
1746611915514 0.0007228 28
1746611952056 0.0007129 29
1746611988051 0.000703 30
1746612023681 0.0006931 31
1746612059403 0.0006831999999999999 32
1746612095189 0.0006732999999999999 33
1746612130748 0.0006633999999999999 34
1746612166435 0.0006535 35
1746612202169 0.0006436 36
1746612237987 0.0006337000000000001 37
1746612273896 0.0006238 38
1746612309652 0.0006139 39
1746612345359 0.000604 40
1746612381042 0.0005941000000000001 41
1746612416453 0.0005842000000000001 42
1746612452381 0.0005743 43
1746612488107 0.0005644000000000001 44
1746612523710 0.0005545 45
1746612559341 0.0005446000000000001 46
1746612595793 0.0005347 47
1746612631499 0.0005248000000000001 48
1746612667305 0.0005149 49
1746612703313 0.000505 50
1746612739478 0.0004950999999999999 51
1746612775244 0.0004852 52
1746612811111 0.0004753 53
1746612847391 0.0004654 54
1746612883439 0.00045549999999999996 55
1746612919225 0.00044559999999999993 56
1746612955104 0.0004357 57
1746612990711 0.00042580000000000005 58
1746613027159 0.0004159000000000001 59
1746613065113 0.00040600000000000006 60
1746613100799 0.00039610000000000003 61
1746613136911 0.0003862 62
1746613172763 0.00037630000000000004 63
1746613208614 0.0003664 64
1746613244425 0.0003565 65
1746613280094 0.00034659999999999997 66
1746613315779 0.00033669999999999994 67
1746613351482 0.0003268 68
1746613387080 0.00031690000000000006 69
1746613422908 0.00030700000000000004 70
1746613458816 0.0002971 71
1746613495943 0.00028720000000000004 72
1746613532110 0.00027730000000000007 73
1746613568082 0.00026740000000000005 74
1746613604093 0.0002575 75
1746613640141 0.0002476 76
1746613675799 0.0002377 77
1746613711338 0.00022779999999999998 78
1746613747429 0.00021789999999999998 79
1746613784127 0.00020799999999999996 80
1746613820057 0.00019809999999999994 81
1746613856007 0.00018820000000000008 82
1746613892122 0.00017830000000000005 83
1746613927952 0.00016840000000000005 84
1746613963879 0.00015850000000000003 85
1746614000959 0.0001486 86
1746614036701 0.0001387 87
1746614072633 0.00012880000000000001 88
1746614108538 0.00011889999999999998 89
1746614145796 0.00010899999999999998 90
1746614181626 9.909999999999997e-05 91
1746614217548 8.919999999999996e-05 92
1746614252970 7.929999999999994e-05 93
1746614288424 6.940000000000005e-05 94
1746614323798 5.950000000000005e-05 95
