1746620287069 1.45952 0
1746620319580 1.37511 1
1746620351183 1.39772 2
1746620382682 1.357 3
1746620414090 1.32692 4
1746620445563 1.31368 5
1746620476741 1.27866 6
1746620508173 1.27406 7
1746620539645 1.26413 8
1746620570690 1.2836 9
1746620601792 1.23197 10
1746620633628 1.22001 11
1746620665164 1.21754 12
1746620696303 1.21837 13
1746620727562 1.19854 14
1746620759056 1.18103 15
1746620790528 1.1743 16
1746620821689 1.18447 17
1746620853058 1.15246 18
1746620884557 1.14675 19
1746620915822 1.14673 20
1746620946941 1.1199 21
1746620978515 1.1463 22
1746621010161 1.11537 23
1746621041416 1.1177 24
1746621072740 1.0986 25
1746621104864 1.11587 26
1746621136801 1.10416 27
1746621168448 1.09804 28
1746621200056 1.08958 29
1746621231699 1.08081 30
1746621263252 1.09007 31
1746621294864 1.06974 32
1746621326161 1.06195 33
1746621357457 1.06967 34
1746621388895 1.05326 35
1746621420441 1.05549 36
1746621451571 1.04622 37
1746621483135 1.04829 38
1746621514934 1.05284 39
1746621546306 1.02943 40
1746621577719 1.03239 41
1746621610081 1.03049 42
1746621641308 1.01495 43
1746621672737 1.00887 44
1746621704772 1.00267 45
1746621736191 1.00348 46
1746621767620 0.99145 47
1746621799243 0.99114 48
1746621830738 0.99964 49
1746621862070 0.99085 50
1746621893539 0.97921 51
1746621925213 0.99117 52
1746621956247 0.97689 53
1746621987546 0.97155 54
1746622019515 0.97206 55
1746622050622 0.96188 56
1746622082842 0.96687 57
1746622114584 0.95623 58
1746622146471 0.95061 59
1746622178038 0.95192 60
1746622210138 0.94333 61
1746622241695 0.94775 62
1746622273111 0.94333 63
1746622304545 0.93729 64
1746622335452 0.93957 65
1746622366590 0.93664 66
1746622398262 0.93009 67
1746622430028 0.92138 68
1746622461970 0.92106 69
1746622493458 0.93343 70
1746622525206 0.90705 71
1746622557623 0.8964 72
1746622589916 0.90403 73
1746622622042 0.89695 74
1746622654595 0.89364 75
1746622686491 0.90485 76
1746622717755 0.88687 77
1746622749220 0.88837 78
1746622780651 0.88651 79
1746622811669 0.88207 80
1746622842810 0.8771 81
1746622874284 0.86586 82
1746622905724 0.86215 83
1746622936923 0.88079 84
1746622968565 0.85922 85
1746623000190 0.86553 86
1746623031935 0.85894 87
1746623066589 0.87161 88
1746623101698 0.8495 89
1746623134758 0.84267 90
1746623165694 0.82897 91
1746623196666 0.82373 92
1746623227800 0.8153 93
