1746620287069 2.99269 0
1746620319580 1.82437 1
1746620351183 1.65593 2
1746620382682 1.53705 3
1746620414090 1.45701 4
1746620445563 1.37314 5
1746620476741 1.31752 6
1746620508173 1.26722 7
1746620539645 1.24111 8
1746620570690 1.24638 9
1746620601792 1.14218 10
1746620633628 1.12956 11
1746620665164 1.10894 12
1746620696303 1.10391 13
1746620727562 1.07081 14
1746620759056 1.04108 15
1746620790528 1.02733 16
1746620821689 1.05222 17
1746620853058 1.00205 18
1746620884557 0.97008 19
1746620915822 0.97844 20
1746620946941 0.92523 21
1746620978515 0.97101 22
1746621010161 0.92739 23
1746621041416 0.90837 24
1746621072740 0.90444 25
1746621104864 0.92756 26
1746621136801 0.8936 27
1746621168448 0.88904 28
1746621200056 0.87308 29
1746621231699 0.86296 30
1746621263252 0.87118 31
1746621294864 0.84446 32
1746621326161 0.83979 33
1746621357457 0.84557 34
1746621388895 0.81913 35
1746621420441 0.82686 36
1746621451571 0.81288 37
1746621483135 0.79878 38
1746621514934 0.80394 39
1746621546306 0.79025 40
1746621577719 0.78572 41
1746621610081 0.78063 42
1746621641308 0.76343 43
1746621672737 0.75639 44
1746621704772 0.74543 45
1746621736191 0.74515 46
1746621767620 0.74503 47
1746621799243 0.74129 48
1746621830738 0.74535 49
1746621862070 0.73308 50
1746621893539 0.78891 51
1746621925213 0.71516 52
1746621956247 0.72393 53
1746621987546 0.71969 54
1746622019515 0.71627 55
1746622050622 0.70135 56
1746622082842 0.70775 57
1746622114584 0.68729 58
1746622146471 0.68629 59
1746622178038 0.69716 60
1746622210138 0.66786 61
1746622241695 0.6882 62
1746622273111 0.67481 63
1746622304545 0.66999 64
1746622335452 0.67033 65
1746622366590 0.65676 66
1746622398262 0.66085 67
1746622430028 0.66024 68
1746622461970 0.65201 69
1746622493458 0.65085 70
1746622525206 0.64733 71
1746622557623 0.62308 72
1746622589916 0.62721 73
1746622622042 0.62823 74
1746622654595 0.62169 75
1746622686491 0.63104 76
1746622717755 0.61415 77
1746622749220 0.61967 78
1746622780651 0.62244 79
1746622811669 0.62189 80
1746622842810 0.60921 81
1746622874284 0.60789 82
1746622905724 0.59827 83
1746622936923 0.60854 84
1746622968565 0.5967 85
1746623000190 0.59977 86
1746623031935 0.58782 87
1746623066589 0.59882 88
1746623101698 0.59138 89
1746623134758 0.54484 90
1746623165694 0.52341 91
1746623196666 0.51465 92
1746623227800 0.51497 93
