1746620287069 1.47094 0
1746620319580 1.40093 1
1746620351183 1.39967 2
1746620382682 1.38469 3
1746620414090 1.37298 4
1746620445563 1.34977 5
1746620476741 1.33989 6
1746620508173 1.33246 7
1746620539645 1.33071 8
1746620570690 1.33537 9
1746620601792 1.29822 10
1746620633628 1.28984 11
1746620665164 1.28599 12
1746620696303 1.28896 13
1746620727562 1.27299 14
1746620759056 1.26908 15
1746620790528 1.25597 16
1746620821689 1.26448 17
1746620853058 1.24556 18
1746620884557 1.24184 19
1746620915822 1.2447 20
1746620946941 1.22645 21
1746620978515 1.23993 22
1746621010161 1.22409 23
1746621041416 1.22027 24
1746621072740 1.21069 25
1746621104864 1.21393 26
1746621136801 1.21054 27
1746621168448 1.21066 28
1746621200056 1.19991 29
1746621231699 1.1969 30
1746621263252 1.19835 31
1746621294864 1.18964 32
1746621326161 1.19231 33
1746621357457 1.18554 34
1746621388895 1.18479 35
1746621420441 1.18754 36
1746621451571 1.17046 37
1746621483135 1.16992 38
1746621514934 1.16969 39
1746621546306 1.16171 40
1746621577719 1.16909 41
1746621610081 1.15952 42
1746621641308 1.16142 43
1746621672737 1.15351 44
1746621704772 1.14637 45
1746621736191 1.15419 46
1746621767620 1.14412 47
1746621799243 1.1517 48
1746621830738 1.14767 49
1746621862070 1.14522 50
1746621893539 1.13228 51
1746621925213 1.12978 52
1746621956247 1.14248 53
1746621987546 1.13215 54
1746622019515 1.13355 55
1746622050622 1.1255 56
1746622082842 1.13155 57
1746622114584 1.12017 58
1746622146471 1.12662 59
1746622178038 1.11704 60
1746622210138 1.11096 61
1746622241695 1.12351 62
1746622273111 1.11489 63
1746622304545 1.11287 64
1746622335452 1.11259 65
1746622366590 1.10876 66
1746622398262 1.10308 67
1746622430028 1.1041 68
1746622461970 1.09805 69
1746622493458 1.10801 70
1746622525206 1.09297 71
1746622557623 1.0893 72
1746622589916 1.0869 73
1746622622042 1.0876 74
1746622654595 1.08159 75
1746622686491 1.0896 76
1746622717755 1.07714 77
1746622749220 1.08599 78
1746622780651 1.08217 79
1746622811669 1.08343 80
1746622842810 1.07746 81
1746622874284 1.07465 82
1746622905724 1.06757 83
1746622936923 1.08655 84
1746622968565 1.06959 85
1746623000190 1.0684 86
1746623031935 1.06985 87
1746623066589 1.07115 88
1746623101698 1.06103 89
1746623134758 1.07366 90
1746623165694 1.06584 91
1746623196666 1.06109 92
1746623227800 1.05926 93
