1745128457234 0.01874 0
1745128472929 0.04676 1
1745128488750 0.09725 2
1745128503613 0.14716 3
1745128518559 0.17194 4
1745128533587 0.18876 5
1745128549958 0.22246 6
1745128566471 0.21934 7
1745128581473 0.21748 8
1745128597277 0.26093 9
1745128612334 0.2772 10
1745128627036 0.27091 11
1745128642188 0.26618 12
1745128657700 0.29762 13
1745128673519 0.2931 14
1745128687931 0.29511 15
1745128702153 0.29004 16
1745128718821 0.30915 17
1745128734558 0.31143 18
1745128749249 0.30746 19
1745128764768 0.30825 20
1745128780071 0.32342 21
1745128795439 0.32321 22
1745128809939 0.31398 23
1745128825614 0.33182 24
1745128840954 0.32845 25
1745128855725 0.3199 26
1745128870814 0.3289 27
1745128885581 0.31646 28
1745128900565 0.33293 29
1745128917070 0.34656 30
1745128932200 0.33983 31
1745128947526 0.34044 32
1745128962851 0.34129 33
1745128977337 0.34633 34
1745128992433 0.34614 35
1745129007678 0.34033 36
1745129023933 0.33805 37
1745129038857 0.3492 38
1745129054330 0.34661 39
1745129070754 0.35619 40
1745129085168 0.35265 41
1745129101792 0.35916 42
1745129117021 0.35603 43
1745129131808 0.35867 44
1745129146798 0.37021 45
1745129162534 0.35671 46
1745129178696 0.35921 47
1745129194002 0.36212 48
1745129209589 0.36263 49
1745129225402 0.3627 50
1745129241801 0.35913 51
1745129258241 0.3546 52
1745129273367 0.36762 53
1745129288422 0.37054 54
1745129303436 0.36514 55
1745129319233 0.37452 56
1745129335550 0.37103 57
1745129350745 0.37106 58
1745129367545 0.36695 59
1745129382280 0.37021 60
1745129397102 0.37111 61
1745129411829 0.36817 62
1745129426972 0.37153 63
1745129442182 0.37202 64
1745129457406 0.37712 65
1745129471773 0.37416 66
1745129486368 0.37158 67
1745129501375 0.3811 68
1745129518411 0.3779 69
1745129533052 0.37603 70
1745129542801 0.38471 71
1745129552938 0.37794 72
1745129561855 0.37654 73
1745129570345 0.38452 74
1745129579271 0.37861 75
1745129587727 0.37637 76
1745129596379 0.37679 77
1745129604959 0.37976 78
1745129613638 0.38154 79
1745129622129 0.38496 80
1745129630981 0.38452 81
1745129639575 0.38577 82
1745129648170 0.38462 83
1745129656676 0.38427 84
1745129665081 0.39144 85
1745129674033 0.38892 86
1745129682548 0.38952 87
1745129691232 0.38746 88
1745129699892 0.38224 89
1745129710391 0.37669 90
1745129718928 0.37727 91
1745129727579 0.37941 92
1745129736103 0.38095 93
1745129744547 0.386 94
1745129753074 0.38513 95
1745129761627 0.38438 96
1745129772611 0.38381 97
1745129781395 0.38599 98
1745129789932 0.38337 99
1745129797482 0.39162453843878237 99
