1745128457234 0.03271 0
1745128472929 0.08195 1
1745128488750 0.16891 2
1745128503613 0.27666 3
1745128518559 0.33377 4
1745128533587 0.40247 5
1745128549958 0.44744 6
1745128566471 0.44703 7
1745128581473 0.4278 8
1745128597277 0.48411 9
1745128612334 0.5106 10
1745128627036 0.50578 11
1745128642188 0.50729 12
1745128657700 0.5531 13
1745128673519 0.54842 14
1745128687931 0.53769 15
1745128702153 0.53693 16
1745128718821 0.57294 17
1745128734558 0.56805 18
1745128749249 0.56152 19
1745128764768 0.56646 20
1745128780071 0.59651 21
1745128795439 0.57383 22
1745128809939 0.5781 23
1745128825614 0.60333 24
1745128840954 0.58267 25
1745128855725 0.58043 26
1745128870814 0.59644 27
1745128885581 0.57529 28
1745128900565 0.59752 29
1745128917070 0.61033 30
1745128932200 0.62186 31
1745128947526 0.6088 32
1745128962851 0.60772 33
1745128977337 0.60167 34
1745128992433 0.59027 35
1745129007678 0.59192 36
1745129023933 0.59105 37
1745129038857 0.61068 38
1745129054330 0.60567 39
1745129070754 0.6257 40
1745129085168 0.61929 41
1745129101792 0.63936 42
1745129117021 0.6296 43
1745129131808 0.63758 44
1745129146798 0.64165 45
1745129162534 0.62941 46
1745129178696 0.63336 47
1745129194002 0.63219 48
1745129209589 0.62147 49
1745129225402 0.62342 50
1745129241801 0.62912 51
1745129258241 0.61388 52
1745129273367 0.63437 53
1745129288422 0.63174 54
1745129303436 0.63634 55
1745129319233 0.6498 56
1745129335550 0.6402 57
1745129350745 0.64259 58
1745129367545 0.63761 59
1745129382280 0.64912 60
1745129397102 0.6415 61
1745129411829 0.6381 62
1745129426972 0.6468 63
1745129442182 0.6466 64
1745129457406 0.65072 65
1745129471773 0.65049 66
1745129486368 0.641 67
1745129501375 0.65371 68
1745129518411 0.64522 69
1745129533052 0.64531 70
1745129542801 0.65751 71
1745129552938 0.64546 72
1745129561855 0.64715 73
1745129570345 0.65379 74
1745129579271 0.64965 75
1745129587727 0.64367 76
1745129596379 0.65529 77
1745129604959 0.66182 78
1745129613638 0.65645 79
1745129622129 0.66297 80
1745129630981 0.65911 81
1745129639575 0.65955 82
1745129648170 0.66668 83
1745129656676 0.66011 84
1745129665081 0.66901 85
1745129674033 0.66015 86
1745129682548 0.66191 87
1745129691232 0.65926 88
1745129699892 0.65571 89
1745129710391 0.64792 90
1745129718928 0.65069 91
1745129727579 0.6542 92
1745129736103 0.6512 93
1745129744547 0.64939 94
1745129753074 0.65108 95
1745129761627 0.65655 96
1745129772611 0.65833 97
1745129781395 0.6578 98
1745129789932 0.65333 99
1745129797482 0.6691213738820925 99
