1745128457234 0.12394 0
1745128472929 0.01701 1
1745128488750 0.06276 2
1745128503613 0.24859 3
1745128518559 0.3331 4
1745128533587 0.40026 5
1745128549958 0.41491 6
1745128566471 0.4058 7
1745128581473 0.433 8
1745128597277 0.4815 9
1745128612334 0.48695 10
1745128627036 0.48741 11
1745128642188 0.44181 12
1745128657700 0.53815 13
1745128673519 0.52765 14
1745128687931 0.51774 15
1745128702153 0.49976 16
1745128718821 0.53153 17
1745128734558 0.52797 18
1745128749249 0.53697 19
1745128764768 0.51376 20
1745128780071 0.56458 21
1745128795439 0.53056 22
1745128809939 0.52034 23
1745128825614 0.55075 24
1745128840954 0.53919 25
1745128855725 0.52992 26
1745128870814 0.56594 27
1745128885581 0.52123 28
1745128900565 0.54757 29
1745128917070 0.54296 30
1745128932200 0.57515 31
1745128947526 0.57443 32
1745128962851 0.5521 33
1745128977337 0.54644 34
1745128992433 0.55077 35
1745129007678 0.56005 36
1745129023933 0.563 37
1745129038857 0.54536 38
1745129054330 0.55411 39
1745129070754 0.58663 40
1745129085168 0.59075 41
1745129101792 0.5897 42
1745129117021 0.58348 43
1745129131808 0.57331 44
1745129146798 0.60895 45
1745129162534 0.56392 46
1745129178696 0.59448 47
1745129194002 0.57269 48
1745129209589 0.55652 49
1745129225402 0.59511 50
1745129241801 0.59093 51
1745129258241 0.57085 52
1745129273367 0.61296 53
1745129288422 0.57837 54
1745129303436 0.58631 55
1745129319233 0.60418 56
1745129335550 0.59873 57
1745129350745 0.59245 58
1745129367545 0.58728 59
1745129382280 0.60514 60
1745129397102 0.58325 61
1745129411829 0.5933 62
1745129426972 0.5902 63
1745129442182 0.59885 64
1745129457406 0.55881 65
1745129471773 0.6097 66
1745129486368 0.57792 67
1745129501375 0.61412 68
1745129518411 0.58418 69
1745129533052 0.58967 70
1745129542801 0.57324 71
1745129552938 0.58356 72
1745129561855 0.58769 73
1745129570345 0.59966 74
1745129579271 0.6063 75
1745129587727 0.60493 76
1745129596379 0.602 77
1745129604959 0.6147 78
1745129613638 0.57712 79
1745129622129 0.61796 80
1745129630981 0.60157 81
1745129639575 0.59858 82
1745129648170 0.59773 83
1745129656676 0.60087 84
1745129665081 0.61534 85
1745129674033 0.58543 86
1745129682548 0.60362 87
1745129691232 0.59122 88
1745129699892 0.60107 89
1745129710391 0.59403 90
1745129718928 0.60558 91
1745129727579 0.60246 92
1745129736103 0.60288 93
1745129744547 0.60556 94
1745129753074 0.60867 95
1745129761627 0.59237 96
1745129772611 0.59456 97
1745129781395 0.60035 98
1745129789932 0.59565 99
1745129797482 0.6156065870292424 99
