1746620290257 0.23741 0
1746620322458 0.28021 1
1746620354102 0.29068 2
1746620385558 0.34092 3
1746620416995 0.35258 4
1746620448304 0.37516 5
1746620479511 0.38203 6
1746620510949 0.37897 7
1746620542343 0.39021 8
1746620573442 0.3971 9
1746620604526 0.41269 10
1746620636497 0.41728 11
1746620667874 0.40959 12
1746620699017 0.4358 13
1746620730351 0.43759 14
1746620761917 0.43613 15
1746620793259 0.44989 16
1746620824371 0.44559 17
1746620855850 0.45253 18
1746620887293 0.45576 19
1746620918504 0.46613 20
1746620949612 0.46393 21
1746620981365 0.46664 22
1746621012839 0.46551 23
1746621044081 0.46675 24
1746621075529 0.47062 25
1746621107557 0.48141 26
1746621139477 0.47197 27
1746621171259 0.47149 28
1746621202796 0.48426 29
1746621234368 0.48231 30
1746621266006 0.48138 31
1746621297605 0.49396 32
1746621328865 0.49083 33
1746621360223 0.4866 34
1746621391778 0.49791 35
1746621423136 0.49252 36
1746621454261 0.49619 37
1746621485919 0.50192 38
1746621517615 0.49919 39
1746621549260 0.50765 40
1746621580511 0.5083 41
1746621612758 0.50502 42
1746621643991 0.50512 43
1746621675512 0.51337 44
1746621707460 0.51113 45
1746621738882 0.51523 46
1746621770391 0.50706 47
1746621802099 0.51173 48
1746621833391 0.50899 49
1746621864822 0.51727 50
1746621896370 0.51858 51
1746621927905 0.51981 52
1746621958872 0.51259 53
1746621990318 0.52563 54
1746622022191 0.51865 55
1746622053865 0.52282 56
1746622085582 0.5253 57
1746622117206 0.52359 58
1746622149140 0.53185 59
1746622180786 0.52724 60
1746622212783 0.52534 61
1746622244396 0.53326 62
1746622275901 0.54105 63
1746622307180 0.53648 64
1746622338054 0.53285 65
1746622369259 0.53611 66
1746622401306 0.53827 67
1746622432684 0.53354 68
1746622464709 0.53566 69
1746622496538 0.53759 70
1746622527853 0.53934 71
1746622560407 0.54234 72
1746622592969 0.53944 73
1746622624732 0.53836 74
1746622657270 0.53854 75
1746622689174 0.53971 76
1746622720492 0.54063 77
1746622752004 0.54208 78
1746622783283 0.53788 79
1746622814334 0.54607 80
1746622845587 0.54499 81
1746622877117 0.54421 82
1746622908383 0.55195 83
1746622939610 0.54468 84
1746622971351 0.54927 85
1746623003172 0.54761 86
1746623035348 0.549 87
1746623069725 0.54745 88
1746623104355 0.54696 89
1746623137537 0.54242 90
1746623168364 0.54376 91
1746623199378 0.54693 92
1746623230598 0.55088 93
1746623240430 0.5523809517496316 93
