1746620290257 0.41126 0
1746620322458 0.48744 1
1746620354102 0.51298 2
1746620385558 0.5835 3
1746620416995 0.60203 4
1746620448304 0.61069 5
1746620479511 0.62797 6
1746620510949 0.62613 7
1746620542343 0.64365 8
1746620573442 0.65853 9
1746620604526 0.68357 10
1746620636497 0.67407 11
1746620667874 0.67722 12
1746620699017 0.6985 13
1746620730351 0.70078 14
1746620761917 0.69964 15
1746620793259 0.71109 16
1746620824371 0.70074 17
1746620855850 0.72351 18
1746620887293 0.71972 19
1746620918504 0.72763 20
1746620949612 0.7216 21
1746620981365 0.7347 22
1746621012839 0.7253 23
1746621044081 0.72774 24
1746621075529 0.72898 25
1746621107557 0.74476 26
1746621139477 0.73606 27
1746621171259 0.73685 28
1746621202796 0.74758 29
1746621234368 0.7483 30
1746621266006 0.74165 31
1746621297605 0.74779 32
1746621328865 0.75657 33
1746621360223 0.7518 34
1746621391778 0.76126 35
1746621423136 0.75353 36
1746621454261 0.75742 37
1746621485919 0.7683 38
1746621517615 0.76072 39
1746621549260 0.76998 40
1746621580511 0.77053 41
1746621612758 0.77552 42
1746621643991 0.76759 43
1746621675512 0.77574 44
1746621707460 0.77289 45
1746621738882 0.7799 46
1746621770391 0.77175 47
1746621802099 0.77402 48
1746621833391 0.77432 49
1746621864822 0.7779 50
1746621896370 0.77235 51
1746621927905 0.78112 52
1746621958872 0.76576 53
1746621990318 0.78537 54
1746622022191 0.78151 55
1746622053865 0.78003 56
1746622085582 0.78444 57
1746622117206 0.78592 58
1746622149140 0.78933 59
1746622180786 0.78596 60
1746622212783 0.7856 61
1746622244396 0.7868 62
1746622275901 0.79643 63
1746622307180 0.79542 64
1746622338054 0.78686 65
1746622369259 0.79557 66
1746622401306 0.7981 67
1746622432684 0.79673 68
1746622464709 0.78896 69
1746622496538 0.79342 70
1746622527853 0.79274 71
1746622560407 0.80154 72
1746622592969 0.79139 73
1746622624732 0.7933 74
1746622657270 0.79641 75
1746622689174 0.78484 76
1746622720492 0.79079 77
1746622752004 0.78845 78
1746622783283 0.78388 79
1746622814334 0.79089 80
1746622845587 0.78798 81
1746622877117 0.78738 82
1746622908383 0.79459 83
1746622939610 0.79283 84
1746622971351 0.79756 85
1746623003172 0.79452 86
1746623035348 0.79408 87
1746623069725 0.79839 88
1746623104355 0.79682 89
1746623137537 0.79112 90
1746623168364 0.7936 91
1746623199378 0.79312 92
1746623230598 0.79623 93
1746623240430 0.7951635185567077 93
