1746620290257 0.58506 0
1746620322458 0.66781 1
1746620354102 0.57087 2
1746620385558 0.71873 3
1746620416995 0.64853 4
1746620448304 0.6922 5
1746620479511 0.69472 6
1746620510949 0.70017 7
1746620542343 0.68044 8
1746620573442 0.74238 9
1746620604526 0.72938 10
1746620636497 0.74135 11
1746620667874 0.73125 12
1746620699017 0.76014 13
1746620730351 0.7404 14
1746620761917 0.75944 15
1746620793259 0.78346 16
1746620824371 0.77925 17
1746620855850 0.75801 18
1746620887293 0.74472 19
1746620918504 0.82032 20
1746620949612 0.7759 21
1746620981365 0.76731 22
1746621012839 0.76065 23
1746621044081 0.77 24
1746621075529 0.76151 25
1746621107557 0.79981 26
1746621139477 0.78248 27
1746621171259 0.75926 28
1746621202796 0.74794 29
1746621234368 0.78237 30
1746621266006 0.74762 31
1746621297605 0.79624 32
1746621328865 0.80496 33
1746621360223 0.79608 34
1746621391778 0.79655 35
1746621423136 0.78877 36
1746621454261 0.81177 37
1746621485919 0.80347 38
1746621517615 0.78153 39
1746621549260 0.76964 40
1746621580511 0.79911 41
1746621612758 0.80425 42
1746621643991 0.78493 43
1746621675512 0.78592 44
1746621707460 0.79988 45
1746621738882 0.81926 46
1746621770391 0.80649 47
1746621802099 0.83469 48
1746621833391 0.83139 49
1746621864822 0.80651 50
1746621896370 0.79466 51
1746621927905 0.78868 52
1746621958872 0.81419 53
1746621990318 0.8162 54
1746622022191 0.83414 55
1746622053865 0.82341 56
1746622085582 0.81012 57
1746622117206 0.80826 58
1746622149140 0.80824 59
1746622180786 0.8116 60
1746622212783 0.79742 61
1746622244396 0.80016 62
1746622275901 0.80247 63
1746622307180 0.82947 64
1746622338054 0.81614 65
1746622369259 0.8109 66
1746622401306 0.85474 67
1746622432684 0.85084 68
1746622464709 0.82211 69
1746622496538 0.81936 70
1746622527853 0.80946 71
1746622560407 0.84555 72
1746622592969 0.81007 73
1746622624732 0.82329 74
1746622657270 0.82205 75
1746622689174 0.80792 76
1746622720492 0.81537 77
1746622752004 0.80663 78
1746622783283 0.82181 79
1746622814334 0.80985 80
1746622845587 0.82396 81
1746622877117 0.82761 82
1746622908383 0.8202 83
1746622939610 0.8409 84
1746622971351 0.83099 85
1746623003172 0.84028 86
1746623035348 0.83772 87
1746623069725 0.85527 88
1746623104355 0.83331 89
1746623137537 0.80665 90
1746623168364 0.81284 91
1746623199378 0.83419 92
1746623230598 0.84041 93
1746623240430 0.8198988870431325 93
