1746620290257 0.37731 0
1746620322458 0.44005 1
1746620354102 0.51196 2
1746620385558 0.54483 3
1746620416995 0.6086 4
1746620448304 0.57561 5
1746620479511 0.59375 6
1746620510949 0.59053 7
1746620542343 0.62346 8
1746620573442 0.61347 9
1746620604526 0.65455 10
1746620636497 0.63024 11
1746620667874 0.6222 12
1746620699017 0.65777 13
1746620730351 0.65511 14
1746620761917 0.64182 15
1746620793259 0.67481 16
1746620824371 0.64668 17
1746620855850 0.68087 18
1746620887293 0.6865 19
1746620918504 0.65938 20
1746620949612 0.66948 21
1746620981365 0.69156 22
1746621012839 0.67514 23
1746621044081 0.69542 24
1746621075529 0.6856 25
1746621107557 0.68772 26
1746621139477 0.68434 27
1746621171259 0.70772 28
1746621202796 0.72024 29
1746621234368 0.70026 30
1746621266006 0.7266 31
1746621297605 0.69221 32
1746621328865 0.69235 33
1746621360223 0.71446 34
1746621391778 0.70584 35
1746621423136 0.7108 36
1746621454261 0.69789 37
1746621485919 0.721 38
1746621517615 0.70885 39
1746621549260 0.73328 40
1746621580511 0.72168 41
1746621612758 0.73779 42
1746621643991 0.73247 43
1746621675512 0.7413 44
1746621707460 0.73645 45
1746621738882 0.72932 46
1746621770391 0.72638 47
1746621802099 0.71019 48
1746621833391 0.70872 49
1746621864822 0.73338 50
1746621896370 0.7482 51
1746621927905 0.7614 52
1746621958872 0.7158 53
1746621990318 0.74568 54
1746622022191 0.73218 55
1746622053865 0.73173 56
1746622085582 0.7416 57
1746622117206 0.75363 58
1746622149140 0.76606 59
1746622180786 0.739 60
1746622212783 0.74726 61
1746622244396 0.74763 62
1746622275901 0.7615 63
1746622307180 0.75476 64
1746622338054 0.74571 65
1746622369259 0.76407 66
1746622401306 0.73825 67
1746622432684 0.74146 68
1746622464709 0.76399 69
1746622496538 0.75304 70
1746622527853 0.75706 71
1746622560407 0.7597 72
1746622592969 0.77022 73
1746622624732 0.76313 74
1746622657270 0.76409 75
1746622689174 0.75526 76
1746622720492 0.76697 77
1746622752004 0.75971 78
1746622783283 0.75016 79
1746622814334 0.76116 80
1746622845587 0.75754 81
1746622877117 0.7508 82
1746622908383 0.75968 83
1746622939610 0.74728 84
1746622971351 0.75755 85
1746623003172 0.74837 86
1746623035348 0.75935 87
1746623069725 0.75287 88
1746623104355 0.75176 89
1746623137537 0.76782 90
1746623168364 0.77169 91
1746623199378 0.74917 92
1746623230598 0.74866 93
1746623240430 0.7606559816347921 93
