1745128380346 0.00019343 0
1745128387106 0.000389634053 1
1745128393616 0.0005818761259999999 2
1745128400082 0.0006471900999999999 3
1745128406470 0.0006405867999999999 4
1745128413258 0.0006339834999999999 5
1745128422430 0.0006273801999999999 6
1745128429379 0.0006207769 7
1745128436246 0.0006141736 8
1745128445797 0.0006075703 9
1745128456910 0.000600967 10
1745128469669 0.0005943637 11
1745128481123 0.0005877603999999999 12
1745128492761 0.0005811570999999999 13
1745128504632 0.0005745538 14
1745128517436 0.0005679505 15
1745128529265 0.0005613472 16
1745128540822 0.0005547439 17
1745128552040 0.0005481406 18
1745128564254 0.0005415373 19
1745128576503 0.000534934 20
1745128588975 0.0005283306999999999 21
1745128600423 0.0005217274 22
1745128612388 0.0005151241 23
1745128625440 0.0005085208 24
1745128637638 0.0005019174999999999 25
1745128649046 0.0004953142 26
1745128660794 0.0004887108999999999 27
1745128672878 0.00048210759999999994 28
1745128685451 0.00047550429999999996 29
1745128697484 0.0004689009999999999 30
1745128710378 0.00046229769999999994 31
1745128721683 0.0004556943999999999 32
1745128733747 0.0004490910999999999 33
1745128745783 0.0004424877999999999 34
1745128757550 0.00043588449999999994 35
1745128769163 0.0004292812 36
1745128781001 0.0004226779 37
1745128794011 0.0004160746 38
1745128806813 0.00040947129999999995 39
1745128818477 0.00040286799999999997 40
1745128830088 0.00039626470000000003 41
1745128841869 0.0003896614 42
1745128854557 0.0003830581 43
1745128866372 0.00037645479999999997 44
1745128878313 0.0003698515 45
1745128890281 0.0003632482 46
1745128902553 0.0003566449 47
1745128915050 0.0003500416 48
1745128926706 0.0003434383 49
1745128938712 0.00033683499999999996 50
1745128950252 0.00033023169999999997 51
1745128962344 0.00032362839999999993 52
1745128974843 0.0003170251 53
1745128986583 0.00031042179999999996 54
1745128998912 0.0003038184999999999 55
1745129010604 0.00029721519999999994 56
1745129022818 0.0002906119 57
1745129034600 0.0002840086 58
1745129046558 0.0002774053 59
1745129058204 0.000270802 60
1745129070145 0.00026419869999999996 61
1745129082523 0.0002575954 62
1745129094785 0.0002509921 63
1745129106259 0.0002443888 64
1745129118065 0.00023778549999999997 65
1745129130865 0.00023118219999999996 66
1745129142881 0.00022457889999999994 67
1745129154533 0.00021797559999999996 68
1745129165933 0.00021137230000000003 69
1745129178160 0.00020476900000000002 70
1745129190564 0.0001981657 71
1745129203152 0.0001915624 72
1745129215189 0.0001849591 73
1745129226812 0.0001783558 74
1745129239263 0.00017175249999999999 75
1745129250759 0.00016514919999999997 76
1745129261730 0.0001585459 77
1745129273602 0.00015194259999999998 78
1745129286647 0.00014533929999999997 79
1745129299116 0.00013873599999999995 80
1745129310582 0.00013213269999999994 81
1745129321798 0.00012552940000000004 82
1745129334106 0.00011892610000000001 83
1745129346205 0.00011232280000000003 84
1745129357742 0.00010571950000000002 85
1745129368955 9.91162e-05 86
1745129381574 9.25129e-05 87
1745129394159 8.59096e-05 88
1745129405824 7.930629999999998e-05 89
1745129421433 7.270299999999997e-05 90
1745129433153 6.609969999999997e-05 91
1745129444628 5.949639999999997e-05 92
1745129456915 5.2893099999999956e-05 93
1745129469193 4.6289800000000026e-05 94
1745129481079 3.968650000000003e-05 95
1745129494107 3.308320000000002e-05 96
1745129505739 2.6479900000000017e-05 97
1745129517516 1.9876600000000012e-05 98
1745129529441 1.3273300000000004e-05 99
