1745128381870 0.03958 0
1745128388518 0.07492 1
1745128395106 0.13298 2
1745128401444 0.25521 3
1745128407852 0.33877 4
1745128415150 0.40565 5
1745128424037 0.44268 6
1745128430832 0.44785 7
1745128437756 0.48072 8
1745128449126 0.48253 9
1745128459473 0.4806 10
1745128471870 0.50446 11
1745128484426 0.53459 12
1745128496391 0.54067 13
1745128507948 0.54884 14
1745128519074 0.54675 15
1745128531921 0.54307 16
1745128544011 0.55192 17
1745128554010 0.56567 18
1745128566325 0.54808 19
1745128579523 0.56183 20
1745128592045 0.58322 21
1745128603724 0.59995 22
1745128615661 0.5974 23
1745128627180 0.60594 24
1745128640284 0.60255 25
1745128652478 0.58987 26
1745128663998 0.59925 27
1745128675099 0.59193 28
1745128687510 0.61694 29
1745128700909 0.60584 30
1745128713448 0.61923 31
1745128724823 0.61869 32
1745128735389 0.62041 33
1745128748171 0.63502 34
1745128760907 0.60699 35
1745128772480 0.62072 36
1745128784451 0.61645 37
1745128796181 0.6316 38
1745128809005 0.62902 39
1745128821829 0.62545 40
1745128833252 0.61316 41
1745128845088 0.63994 42
1745128856191 0.64167 43
1745128869064 0.62104 44
1745128881595 0.64782 45
1745128893743 0.6423 46
1745128905502 0.64748 47
1745128916773 0.65772 48
1745128929736 0.62293 49
1745128941888 0.62613 50
1745128953485 0.6436 51
1745128964664 0.64689 52
1745128976832 0.63831 53
1745128990051 0.63352 54
1745129002050 0.65497 55
1745129014063 0.6525 56
1745129024548 0.64877 57
1745129037222 0.64618 58
1745129049819 0.63915 59
1745129061093 0.66436 60
1745129072296 0.65876 61
1745129084716 0.66373 62
1745129097992 0.66995 63
1745129109502 0.66311 64
1745129121202 0.65413 65
1745129132759 0.64828 66
1745129145470 0.65755 67
1745129157813 0.64922 68
1745129169241 0.65381 69
1745129180357 0.66331 70
1745129193505 0.67021 71
1745129206336 0.67325 72
1745129218459 0.66221 73
1745129229417 0.65827 74
1745129241202 0.66101 75
1745129253801 0.65775 76
1745129265044 0.65989 77
1745129276809 0.6664 78
1745129288555 0.66444 79
1745129301638 0.66491 80
1745129313819 0.67377 81
1745129324391 0.66717 82
1745129335927 0.67307 83
1745129348837 0.66738 84
1745129361064 0.67029 85
1745129372290 0.6703 86
1745129383423 0.66813 87
1745129396397 0.66706 88
1745129409114 0.66573 89
1745129424542 0.65689 90
1745129436433 0.65302 91
1745129448000 0.65238 92
1745129459169 0.65199 93
1745129471342 0.65088 94
1745129484855 0.6537 95
1745129497476 0.65755 96
1745129509017 0.66118 97
1745129519106 0.66014 98
1745129532051 0.65986 99
1745129543433 0.670068865831566 99
