1745128381870 0.01285 0
1745128388518 0.01205 1
1745128395106 0.90212 2
1745128401444 0.57402 3
1745128407852 0.4961 4
1745128415150 0.51313 5
1745128424037 0.56108 6
1745128430832 0.61679 7
1745128437756 0.66271 8
1745128449126 0.62969 9
1745128459473 0.57992 10
1745128471870 0.61055 11
1745128484426 0.6838 12
1745128496391 0.70333 13
1745128507948 0.64385 14
1745128519074 0.63139 15
1745128531921 0.67807 16
1745128544011 0.7033 17
1745128554010 0.72058 18
1745128566325 0.65141 19
1745128579523 0.67986 20
1745128592045 0.7646 21
1745128603724 0.7265 22
1745128615661 0.68537 23
1745128627180 0.72124 24
1745128640284 0.66779 25
1745128652478 0.67741 26
1745128663998 0.70802 27
1745128675099 0.716 28
1745128687510 0.67996 29
1745128700909 0.74385 30
1745128713448 0.70461 31
1745128724823 0.67634 32
1745128735389 0.73095 33
1745128748171 0.73582 34
1745128760907 0.69207 35
1745128772480 0.7534 36
1745128784451 0.72233 37
1745128796181 0.73109 38
1745128809005 0.75114 39
1745128821829 0.72066 40
1745128833252 0.66263 41
1745128845088 0.72001 42
1745128856191 0.7579 43
1745128869064 0.73984 44
1745128881595 0.77218 45
1745128893743 0.75282 46
1745128905502 0.73887 47
1745128916773 0.71361 48
1745128929736 0.71101 49
1745128941888 0.7421 50
1745128953485 0.76318 51
1745128964664 0.76509 52
1745128976832 0.7409 53
1745128990051 0.72481 54
1745129002050 0.75714 55
1745129014063 0.77699 56
1745129024548 0.7439 57
1745129037222 0.75439 58
1745129049819 0.77714 59
1745129061093 0.79227 60
1745129072296 0.80577 61
1745129084716 0.78167 62
1745129097992 0.79439 63
1745129109502 0.78883 64
1745129121202 0.74316 65
1745129132759 0.75598 66
1745129145470 0.80098 67
1745129157813 0.79463 68
1745129169241 0.76012 69
1745129180357 0.73496 70
1745129193505 0.76863 71
1745129206336 0.80124 72
1745129218459 0.7962 73
1745129229417 0.73443 74
1745129241202 0.7766 75
1745129253801 0.76593 76
1745129265044 0.78948 77
1745129276809 0.77334 78
1745129288555 0.79171 79
1745129301638 0.74695 80
1745129313819 0.76738 81
1745129324391 0.79372 82
1745129335927 0.79736 83
1745129348837 0.78423 84
1745129361064 0.78269 85
1745129372290 0.8154 86
1745129383423 0.79868 87
1745129396397 0.7895 88
1745129409114 0.79289 89
1745129424542 0.77661 90
1745129436433 0.76697 91
1745129448000 0.78595 92
1745129459169 0.76212 93
1745129471342 0.76217 94
1745129484855 0.75922 95
1745129497476 0.77167 96
1745129509017 0.7817 97
1745129519106 0.77437 98
1745129532051 0.79646 99
1745129543433 0.8152334086329615 99
