1745128381870 0.13674 0
1745128388518 0.21379 1
1745128395106 0.03393 2
1745128401444 0.2132 3
1745128407852 0.35391 4
1745128415150 0.40628 5
1745128424037 0.4157 6
1745128430832 0.39573 7
1745128437756 0.42961 8
1745128449126 0.46932 9
1745128459473 0.45325 10
1745128471870 0.47565 11
1745128484426 0.49405 12
1745128496391 0.4773 13
1745128507948 0.51995 14
1745128519074 0.50326 15
1745128531921 0.49778 16
1745128544011 0.50056 17
1745128554010 0.53096 18
1745128566325 0.50196 19
1745128579523 0.50584 20
1745128592045 0.51647 21
1745128603724 0.54065 22
1745128615661 0.52187 23
1745128627180 0.56976 24
1745128640284 0.56693 25
1745128652478 0.56216 26
1745128663998 0.54561 27
1745128675099 0.53587 28
1745128687510 0.59032 29
1745128700909 0.5484 30
1745128713448 0.57677 31
1745128724823 0.59079 32
1745128735389 0.56613 33
1745128748171 0.57786 34
1745128760907 0.58859 35
1745128772480 0.55245 36
1745128784451 0.57469 37
1745128796181 0.56177 38
1745128809005 0.57736 39
1745128821829 0.57318 40
1745128833252 0.58871 41
1745128845088 0.57245 42
1745128856191 0.58431 43
1745128869064 0.55663 44
1745128881595 0.56663 45
1745128893743 0.58475 46
1745128905502 0.59497 47
1745128916773 0.60872 48
1745128929736 0.58744 49
1745128941888 0.56505 50
1745128953485 0.58585 51
1745128964664 0.58633 52
1745128976832 0.59343 53
1745128990051 0.5896 54
1745129002050 0.60629 55
1745129014063 0.58734 56
1745129024548 0.59009 57
1745129037222 0.56688 58
1745129049819 0.55753 59
1745129061093 0.58701 60
1745129072296 0.58282 61
1745129084716 0.58893 62
1745129097992 0.58904 63
1745129109502 0.58716 64
1745129121202 0.59895 65
1745129132759 0.59041 66
1745129145470 0.58563 67
1745129157813 0.56671 68
1745129169241 0.59386 69
1745129180357 0.60774 70
1745129193505 0.61174 71
1745129206336 0.60149 72
1745129218459 0.59451 73
1745129229417 0.62189 74
1745129241202 0.59672 75
1745129253801 0.59641 76
1745129265044 0.58126 77
1745129276809 0.60252 78
1745129288555 0.59727 79
1745129301638 0.61162 80
1745129313819 0.60412 81
1745129324391 0.59254 82
1745129335927 0.59947 83
1745129348837 0.60584 84
1745129361064 0.60086 85
1745129372290 0.58106 86
1745129383423 0.60346 87
1745129396397 0.59897 88
1745129409114 0.59575 89
1745129424542 0.61223 90
1745129436433 0.60778 91
1745129448000 0.59598 92
1745129459169 0.60747 93
1745129471342 0.61627 94
1745129484855 0.61821 95
1745129497476 0.61383 96
1745129509017 0.61259 97
1745129519106 0.61662 98
1745129532051 0.59946 99
1745129543433 0.5810657176797903 99
