1746625414986 0.41703 0
1746625461043 0.52504 1
1746625506230 0.55266 2
1746625551160 0.59822 3
1746625596249 0.60279 4
1746625641257 0.62079 5
1746625686508 0.63027 6
1746625731509 0.64943 7
1746625776319 0.64014 8
1746625821666 0.69182 9
1746625866697 0.68252 10
1746625911854 0.67932 11
1746625956684 0.69744 12
1746626002013 0.71074 13
1746626047239 0.7074 14
1746626092563 0.71186 15
1746626137576 0.7224 16
1746626182834 0.71809 17
1746626227746 0.72759 18
1746626272740 0.7229 19
1746626317865 0.72494 20
1746626362847 0.73376 21
1746626407760 0.72506 22
1746626452937 0.72937 23
1746626497674 0.73699 24
1746626542418 0.73809 25
1746626588046 0.74407 26
1746626632938 0.7472 27
1746626677757 0.74032 28
1746626723052 0.75298 29
1746626768391 0.74743 30
1746626812799 0.73832 31
1746626857669 0.74409 32
1746626902655 0.73787 33
1746626947587 0.75143 34
1746626992430 0.75726 35
1746627037409 0.75913 36
1746627082252 0.76074 37
1746627127210 0.76112 38
1746627172248 0.76033 39
1746627216964 0.76575 40
1746627261636 0.77006 41
1746627306636 0.76894 42
1746627351325 0.75532 43
1746627396147 0.7643 44
1746627441248 0.77678 45
1746627486786 0.77574 46
1746627531580 0.77439 47
1746627576891 0.79715 48
1746627621950 0.78277 49
1746627666664 0.77706 50
1746627711582 0.78195 51
1746627756465 0.79026 52
1746627801032 0.77893 53
1746627845935 0.77865 54
1746627891502 0.78788 55
1746627936390 0.78933 56
1746627981135 0.78441 57
1746628026713 0.79309 58
1746628071237 0.79512 59
1746628117804 0.79357 60
1746628162639 0.79844 61
1746628207779 0.79925 62
1746628252588 0.80483 63
1746628297600 0.79331 64
1746628343604 0.79375 65
1746628388157 0.80047 66
1746628432627 0.80243 67
1746628477544 0.79285 68
1746628522647 0.7929 69
1746628567741 0.79703 70
1746628612850 0.79682 71
1746628657488 0.79816 72
1746628702288 0.7982 73
1746628747398 0.79811 74
1746628792242 0.79455 75
1746628837358 0.79894 76
1746628883937 0.80456 77
1746628928609 0.80456 78
1746628973111 0.79928 79
1746629017702 0.8003 80
1746629062682 0.80437 81
1746629107671 0.80311 82
1746629152777 0.80555 83
1746629197668 0.80358 84
1746629242705 0.80959 85
1746629287418 0.80769 86
1746629332374 0.80552 87
1746629377619 0.80602 88
1746629422576 0.8059 89
1746629468321 0.80186 90
1746629512547 0.80249 91
1746629557166 0.80455 92
1746629601581 0.80301 93
1746629645857 0.80073 94
1746629690474 0.80718 95
1746629734750 0.80515 96
1746629778859 0.8054 97
1746629822866 0.80749 98
1746629867247 0.8087 99
1746629876617 0.8086478916993898 99
