1746625414986 0.24696 0
1746625461043 0.28746 1
1746625506230 0.32496 2
1746625551160 0.34774 3
1746625596249 0.35913 4
1746625641257 0.37544 5
1746625686508 0.37798 6
1746625731509 0.39668 7
1746625776319 0.37807 8
1746625821666 0.41969 9
1746625866697 0.42224 10
1746625911854 0.42002 11
1746625956684 0.43203 12
1746626002013 0.4406 13
1746626047239 0.43901 14
1746626092563 0.44152 15
1746626137576 0.45045 16
1746626182834 0.44876 17
1746626227746 0.45837 18
1746626272740 0.45843 19
1746626317865 0.46118 20
1746626362847 0.47111 21
1746626407760 0.46584 22
1746626452937 0.46599 23
1746626497674 0.47102 24
1746626542418 0.47615 25
1746626588046 0.47714 26
1746626632938 0.47712 27
1746626677757 0.4774 28
1746626723052 0.48105 29
1746626768391 0.48832 30
1746626812799 0.48055 31
1746626857669 0.48182 32
1746626902655 0.47926 33
1746626947587 0.48277 34
1746626992430 0.49226 35
1746627037409 0.49311 36
1746627082252 0.49624 37
1746627127210 0.49956 38
1746627172248 0.50092 39
1746627216964 0.50724 40
1746627261636 0.50351 41
1746627306636 0.50502 42
1746627351325 0.4951 43
1746627396147 0.50709 44
1746627441248 0.51554 45
1746627486786 0.51501 46
1746627531580 0.51569 47
1746627576891 0.52602 48
1746627621950 0.52142 49
1746627666664 0.51579 50
1746627711582 0.52033 51
1746627756465 0.52566 52
1746627801032 0.52661 53
1746627845935 0.51928 54
1746627891502 0.52211 55
1746627936390 0.52988 56
1746627981135 0.52522 57
1746628026713 0.53786 58
1746628071237 0.53578 59
1746628117804 0.53305 60
1746628162639 0.53642 61
1746628207779 0.54229 62
1746628252588 0.54237 63
1746628297600 0.53532 64
1746628343604 0.53637 65
1746628388157 0.53866 66
1746628432627 0.53985 67
1746628477544 0.53952 68
1746628522647 0.53908 69
1746628567741 0.53829 70
1746628612850 0.53791 71
1746628657488 0.54403 72
1746628702288 0.54693 73
1746628747398 0.54681 74
1746628792242 0.54393 75
1746628837358 0.54349 76
1746628883937 0.5516 77
1746628928609 0.54842 78
1746628973111 0.5506 79
1746629017702 0.55284 80
1746629062682 0.55599 81
1746629107671 0.55467 82
1746629152777 0.55735 83
1746629197668 0.55629 84
1746629242705 0.55663 85
1746629287418 0.56001 86
1746629332374 0.56041 87
1746629377619 0.55988 88
1746629422576 0.56086 89
1746629468321 0.55176 90
1746629512547 0.55595 91
1746629557166 0.55886 92
1746629601581 0.55677 93
1746629645857 0.55845 94
1746629690474 0.56047 95
1746629734750 0.56193 96
1746629778859 0.56155 97
1746629822866 0.5642 98
1746629867247 0.56574 99
1746629876617 0.5649693429980388 99
