1746625414986 0.54908 0
1746625461043 0.56765 1
1746625506230 0.57366 2
1746625551160 0.6995 3
1746625596249 0.67405 4
1746625641257 0.67144 5
1746625686508 0.67054 6
1746625731509 0.69603 7
1746625776319 0.71613 8
1746625821666 0.74465 9
1746625866697 0.75953 10
1746625911854 0.72006 11
1746625956684 0.7352 12
1746626002013 0.77535 13
1746626047239 0.7396 14
1746626092563 0.75403 15
1746626137576 0.76767 16
1746626182834 0.7598 17
1746626227746 0.75064 18
1746626272740 0.76135 19
1746626317865 0.75086 20
1746626362847 0.75483 21
1746626407760 0.78191 22
1746626452937 0.76791 23
1746626497674 0.7683 24
1746626542418 0.77686 25
1746626588046 0.78918 26
1746626632938 0.74165 27
1746626677757 0.76574 28
1746626723052 0.79358 29
1746626768391 0.76246 30
1746626812799 0.79494 31
1746626857669 0.77824 32
1746626902655 0.78095 33
1746626947587 0.79938 34
1746626992430 0.78846 35
1746627037409 0.76397 36
1746627082252 0.77779 37
1746627127210 0.78292 38
1746627172248 0.80154 39
1746627216964 0.79577 40
1746627261636 0.77448 41
1746627306636 0.79462 42
1746627351325 0.8108 43
1746627396147 0.78226 44
1746627441248 0.8223 45
1746627486786 0.79991 46
1746627531580 0.81972 47
1746627576891 0.83398 48
1746627621950 0.79973 49
1746627666664 0.81849 50
1746627711582 0.80178 51
1746627756465 0.80668 52
1746627801032 0.79631 53
1746627845935 0.82085 54
1746627891502 0.82116 55
1746627936390 0.81133 56
1746627981135 0.81788 57
1746628026713 0.83313 58
1746628071237 0.80618 59
1746628117804 0.81782 60
1746628162639 0.80422 61
1746628207779 0.81937 62
1746628252588 0.81584 63
1746628297600 0.80858 64
1746628343604 0.82862 65
1746628388157 0.8357 66
1746628432627 0.83729 67
1746628477544 0.80061 68
1746628522647 0.79468 69
1746628567741 0.80983 70
1746628612850 0.82814 71
1746628657488 0.82906 72
1746628702288 0.81198 73
1746628747398 0.83504 74
1746628792242 0.80923 75
1746628837358 0.82193 76
1746628883937 0.81122 77
1746628928609 0.82062 78
1746628973111 0.83107 79
1746629017702 0.83358 80
1746629062682 0.81598 81
1746629107671 0.82213 82
1746629152777 0.82703 83
1746629197668 0.82384 84
1746629242705 0.83495 85
1746629287418 0.8388 86
1746629332374 0.83616 87
1746629377619 0.83789 88
1746629422576 0.84175 89
1746629468321 0.8478 90
1746629512547 0.84308 91
1746629557166 0.84397 92
1746629601581 0.83894 93
1746629645857 0.8505 94
1746629690474 0.84541 95
1746629734750 0.84393 96
1746629778859 0.8413 97
1746629822866 0.84281 98
1746629867247 0.85173 99
1746629876617 0.8521752252866207 99
