1746625414986 0.42964 0
1746625461043 0.53553 1
1746625506230 0.5512 2
1746625551160 0.56282 3
1746625596249 0.58103 4
1746625641257 0.60667 5
1746625686508 0.6098 6
1746625731509 0.61316 7
1746625776319 0.61373 8
1746625821666 0.64888 9
1746625866697 0.63512 10
1746625911854 0.6577 11
1746625956684 0.64927 12
1746626002013 0.6646 13
1746626047239 0.67115 14
1746626092563 0.66216 15
1746626137576 0.66498 16
1746626182834 0.67662 17
1746626227746 0.69861 18
1746626272740 0.68138 19
1746626317865 0.6979 20
1746626362847 0.68895 21
1746626407760 0.66885 22
1746626452937 0.69349 23
1746626497674 0.70039 24
1746626542418 0.69543 25
1746626588046 0.69662 26
1746626632938 0.71782 27
1746626677757 0.71135 28
1746626723052 0.6993 29
1746626768391 0.7097 30
1746626812799 0.69329 31
1746626857669 0.70615 32
1746626902655 0.69905 33
1746626947587 0.7034 34
1746626992430 0.71605 35
1746627037409 0.73478 36
1746627082252 0.71711 37
1746627127210 0.70963 38
1746627172248 0.71511 39
1746627216964 0.71863 40
1746627261636 0.72995 41
1746627306636 0.72962 42
1746627351325 0.71275 43
1746627396147 0.73411 44
1746627441248 0.71391 45
1746627486786 0.72688 46
1746627531580 0.7212 47
1746627576891 0.7416 48
1746627621950 0.75118 49
1746627666664 0.73571 50
1746627711582 0.74075 51
1746627756465 0.74678 52
1746627801032 0.75353 53
1746627845935 0.72534 54
1746627891502 0.74905 55
1746627936390 0.74417 56
1746627981135 0.73778 57
1746628026713 0.74813 58
1746628071237 0.77051 59
1746628117804 0.74299 60
1746628162639 0.76593 61
1746628207779 0.76732 62
1746628252588 0.76893 63
1746628297600 0.76249 64
1746628343604 0.74522 65
1746628388157 0.76359 66
1746628432627 0.75271 67
1746628477544 0.75891 68
1746628522647 0.76941 69
1746628567741 0.77283 70
1746628612850 0.74452 71
1746628657488 0.75081 72
1746628702288 0.76325 73
1746628747398 0.74369 74
1746628792242 0.76652 75
1746628837358 0.76022 76
1746628883937 0.76073 77
1746628928609 0.76012 78
1746628973111 0.75858 79
1746629017702 0.7595 80
1746629062682 0.7696 81
1746629107671 0.76121 82
1746629152777 0.76684 83
1746629197668 0.76196 84
1746629242705 0.76513 85
1746629287418 0.76333 86
1746629332374 0.75803 87
1746629377619 0.75331 88
1746629422576 0.76181 89
1746629468321 0.76493 90
1746629512547 0.76783 91
1746629557166 0.76671 92
1746629601581 0.76661 93
1746629645857 0.7531 94
1746629690474 0.768 95
1746629734750 0.76786 96
1746629778859 0.77091 97
1746629822866 0.77235 98
1746629867247 0.76638 99
1746629876617 0.7666212305300616 99
