1745128381870 0.0234 0
1745128388518 0.04345 1
1745128395106 0.06791 2
1745128401444 0.1264 3
1745128407852 0.16994 4
1745128415150 0.20002 5
1745128424037 0.23024 6
1745128430832 0.22659 7
1745128437756 0.24984 8
1745128449126 0.25206 9
1745128459473 0.25315 10
1745128471870 0.26525 11
1745128484426 0.28447 12
1745128496391 0.29456 13
1745128507948 0.29566 14
1745128519074 0.29325 15
1745128531921 0.29086 16
1745128544011 0.28474 17
1745128554010 0.30451 18
1745128566325 0.29502 19
1745128579523 0.31048 20
1745128592045 0.31615 21
1745128603724 0.3311 22
1745128615661 0.31814 23
1745128627180 0.32353 24
1745128640284 0.32513 25
1745128652478 0.33244 26
1745128663998 0.32333 27
1745128675099 0.31962 28
1745128687510 0.33793 29
1745128700909 0.32663 30
1745128713448 0.34294 31
1745128724823 0.34202 32
1745128735389 0.34418 33
1745128748171 0.35949 34
1745128760907 0.33804 35
1745128772480 0.33465 36
1745128784451 0.33822 37
1745128796181 0.35412 38
1745128809005 0.35193 39
1745128821829 0.34638 40
1745128833252 0.33511 41
1745128845088 0.35111 42
1745128856191 0.3531 43
1745128869064 0.33908 44
1745128881595 0.36052 45
1745128893743 0.358 46
1745128905502 0.3559 47
1745128916773 0.36402 48
1745128929736 0.36047 49
1745128941888 0.35432 50
1745128953485 0.35569 51
1745128964664 0.36195 52
1745128976832 0.35153 53
1745128990051 0.36031 54
1745129002050 0.36537 55
1745129014063 0.37079 56
1745129024548 0.35677 57
1745129037222 0.35902 58
1745129049819 0.35445 59
1745129061093 0.37683 60
1745129072296 0.36157 61
1745129084716 0.37999 62
1745129097992 0.37437 63
1745129109502 0.37272 64
1745129121202 0.37155 65
1745129132759 0.36857 66
1745129145470 0.3712 67
1745129157813 0.36682 68
1745129169241 0.3639 69
1745129180357 0.37018 70
1745129193505 0.36852 71
1745129206336 0.37352 72
1745129218459 0.37083 73
1745129229417 0.36655 74
1745129241202 0.37221 75
1745129253801 0.37437 76
1745129265044 0.37487 77
1745129276809 0.37277 78
1745129288555 0.37274 79
1745129301638 0.37445 80
1745129313819 0.38151 81
1745129324391 0.38017 82
1745129335927 0.38121 83
1745129348837 0.38101 84
1745129361064 0.38302 85
1745129372290 0.38612 86
1745129383423 0.38289 87
1745129396397 0.38112 88
1745129409114 0.38043 89
1745129424542 0.36457 90
1745129436433 0.36501 91
1745129448000 0.36416 92
1745129459169 0.37143 93
1745129471342 0.37199 94
1745129484855 0.37441 95
1745129497476 0.37165 96
1745129509017 0.3743 97
1745129519106 0.3756 98
1745129532051 0.37423 99
1745129543433 0.38695760953458663 99
