1746625411233 1.45825 0
1746625457451 1.39325 1
1746625502680 1.42111 2
1746625547690 1.37324 3
1746625592825 1.3525 4
1746625637800 1.33068 5
1746625682810 1.29403 6
1746625727964 1.2798 7
1746625772899 1.27355 8
1746625817969 1.29211 9
1746625863250 1.24137 10
1746625908288 1.23208 11
1746625953171 1.23471 12
1746625998297 1.2335 13
1746626043636 1.20335 14
1746626089109 1.19431 15
1746626134122 1.18157 16
1746626179504 1.19014 17
1746626224217 1.17494 18
1746626269462 1.14621 19
1746626314177 1.16188 20
1746626359577 1.13045 21
1746626404261 1.14867 22
1746626449222 1.134 23
1746626494362 1.12538 24
1746626538904 1.10791 25
1746626584219 1.12162 26
1746626629606 1.1141 27
1746626674321 1.09587 28
1746626719714 1.09225 29
1746626765059 1.08446 30
1746626809542 1.10175 31
1746626854212 1.07412 32
1746626899178 1.07156 33
1746626944094 1.07494 34
1746626988929 1.05313 35
1746627033975 1.05958 36
1746627078815 1.05842 37
1746627123745 1.04401 38
1746627168795 1.05289 39
1746627213563 1.03333 40
1746627258177 1.03175 41
1746627302993 1.02366 42
1746627347953 1.0136 43
1746627392803 1.00845 44
1746627437542 0.9989 45
1746627483402 1.00956 46
1746627528121 0.99011 47
1746627572899 0.99552 48
1746627618587 0.99136 49
1746627663231 0.98741 50
1746627707986 0.98121 51
1746627753091 0.98801 52
1746627797715 0.97267 53
1746627842542 0.97178 54
1746627888109 0.9717 55
1746627932924 0.95961 56
1746627977756 0.96012 57
1746628022818 0.94818 58
1746628067845 0.94091 59
1746628114569 0.93901 60
1746628158976 0.9376 61
1746628204299 0.93799 62
1746628249132 0.93773 63
1746628293951 0.93372 64
1746628340141 0.93171 65
1746628384832 0.92536 66
1746628429360 0.91979 67
1746628474127 0.90995 68
1746628519197 0.90554 69
1746628564462 0.92196 70
1746628609583 0.89963 71
1746628654019 0.88656 72
1746628698861 0.8867 73
1746628743738 0.88368 74
1746628788831 0.87959 75
1746628833630 0.88904 76
1746628880678 0.86997 77
1746628925383 0.87335 78
1746628969843 0.87078 79
1746629014439 0.86381 80
1746629059022 0.86639 81
1746629104216 0.84714 82
1746629149298 0.85057 83
1746629194391 0.86217 84
1746629239029 0.83868 85
1746629283975 0.84445 86
1746629328893 0.84015 87
1746629373905 0.84995 88
1746629419104 0.83084 89
1746629465021 0.81995 90
1746629509115 0.80312 91
1746629553446 0.78906 92
1746629598144 0.78751 93
1746629642544 0.78524 94
1746629686871 0.77533 95
1746629731450 0.77035 96
1746629775615 0.77018 97
1746629819576 0.76861 98
1746629863595 0.76134 99
