1746625411233 2.94486 0
1746625457451 1.77569 1
1746625502680 1.64196 2
1746625547690 1.53478 3
1746625592825 1.44963 4
1746625637800 1.3704 5
1746625682810 1.29924 6
1746625727964 1.24888 7
1746625772899 1.2272 8
1746625817969 1.22702 9
1746625863250 1.1337 10
1746625908288 1.11686 11
1746625953171 1.09734 12
1746625998297 1.10429 13
1746626043636 1.0557 14
1746626089109 1.02945 15
1746626134122 1.01038 16
1746626179504 1.01729 17
1746626224217 0.98376 18
1746626269462 0.95296 19
1746626314177 0.96308 20
1746626359577 0.9145 21
1746626404261 0.95589 22
1746626449222 0.9142 23
1746626494362 0.89439 24
1746626538904 0.89356 25
1746626584219 0.90471 26
1746626629606 0.87571 27
1746626674321 0.86987 28
1746626719714 0.86209 29
1746626765059 0.84207 30
1746626809542 0.85461 31
1746626854212 0.82475 32
1746626899178 0.82106 33
1746626944094 0.82722 34
1746626988929 0.80482 35
1746627033975 0.81961 36
1746627078815 0.80399 37
1746627123745 0.78027 38
1746627168795 0.7839 39
1746627213563 0.77389 40
1746627258177 0.76106 41
1746627302993 0.75894 42
1746627347953 0.74108 43
1746627392803 0.7369 44
1746627437542 0.72552 45
1746627483402 0.72696 46
1746627528121 0.71797 47
1746627572899 0.71936 48
1746627618587 0.71553 49
1746627663231 0.71381 50
1746627707986 0.76392 51
1746627753091 0.69364 52
1746627797715 0.7053 53
1746627842542 0.69248 54
1746627888109 0.68942 55
1746627932924 0.67193 56
1746627977756 0.67919 57
1746628022818 0.65806 58
1746628067845 0.65732 59
1746628114569 0.67246 60
1746628158976 0.64262 61
1746628204299 0.66103 62
1746628249132 0.65233 63
1746628293951 0.64346 64
1746628340141 0.64209 65
1746628384832 0.62792 66
1746628429360 0.63483 67
1746628474127 0.63034 68
1746628519197 0.62369 69
1746628564462 0.62565 70
1746628609583 0.62168 71
1746628654019 0.59914 72
1746628698861 0.59937 73
1746628743738 0.59782 74
1746628788831 0.60062 75
1746628833630 0.60096 76
1746628880678 0.58407 77
1746628925383 0.59177 78
1746628969843 0.59247 79
1746629014439 0.58863 80
1746629059022 0.57531 81
1746629104216 0.57497 82
1746629149298 0.5759 83
1746629194391 0.57511 84
1746629239029 0.5608 85
1746629283975 0.56522 86
1746629328893 0.55937 87
1746629373905 0.56448 88
1746629419104 0.55752 89
1746629465021 0.5083 90
1746629509115 0.49178 91
1746629553446 0.48019 92
1746629598144 0.48126 93
1746629642544 0.47962 94
1746629686871 0.47707 95
1746629731450 0.47204 96
1746629775615 0.47168 97
1746629819576 0.47051 98
1746629863595 0.46851 99
