1746625411233 1.45686 0
1746625457451 1.41307 1
1746625502680 1.4165 2
1746625547690 1.40867 3
1746625592825 1.39906 4
1746625637800 1.36406 5
1746625682810 1.35541 6
1746625727964 1.34625 7
1746625772899 1.34071 8
1746625817969 1.34252 9
1746625863250 1.31169 10
1746625908288 1.30066 11
1746625953171 1.30008 12
1746625998297 1.30052 13
1746626043636 1.28597 14
1746626089109 1.27952 15
1746626134122 1.2653 16
1746626179504 1.27772 17
1746626224217 1.26191 18
1746626269462 1.24386 19
1746626314177 1.25889 20
1746626359577 1.23577 21
1746626404261 1.24986 22
1746626449222 1.2411 23
1746626494362 1.23249 24
1746626538904 1.22251 25
1746626584219 1.22391 26
1746626629606 1.22231 27
1746626674321 1.21611 28
1746626719714 1.21215 29
1746626765059 1.20921 30
1746626809542 1.21447 31
1746626854212 1.20002 32
1746626899178 1.20212 33
1746626944094 1.19152 34
1746626988929 1.18982 35
1746627033975 1.19456 36
1746627078815 1.18231 37
1746627123745 1.17545 38
1746627168795 1.17655 39
1746627213563 1.17045 40
1746627258177 1.17488 41
1746627302993 1.16142 42
1746627347953 1.16514 43
1746627392803 1.15979 44
1746627437542 1.14983 45
1746627483402 1.15804 46
1746627528121 1.14961 47
1746627572899 1.15751 48
1746627618587 1.15293 49
1746627663231 1.15111 50
1746627707986 1.14046 51
1746627753091 1.13462 52
1746627797715 1.1451 53
1746627842542 1.13999 54
1746627888109 1.14183 55
1746627932924 1.12974 56
1746627977756 1.13529 57
1746628022818 1.12066 58
1746628067845 1.12582 59
1746628114569 1.11917 60
1746628158976 1.11046 61
1746628204299 1.12286 62
1746628249132 1.11288 63
1746628293951 1.11458 64
1746628340141 1.11274 65
1746628384832 1.10567 66
1746628429360 1.10201 67
1746628474127 1.09996 68
1746628519197 1.09332 69
1746628564462 1.10925 70
1746628609583 1.09299 71
1746628654019 1.0899 72
1746628698861 1.08443 73
1746628743738 1.08557 74
1746628788831 1.07829 75
1746628833630 1.08574 76
1746628880678 1.06979 77
1746628925383 1.08363 78
1746628969843 1.07871 79
1746629014439 1.07902 80
1746629059022 1.07811 81
1746629104216 1.06791 82
1746629149298 1.06739 83
1746629194391 1.08179 84
1746629239029 1.06299 85
1746629283975 1.06282 86
1746629328893 1.06641 87
1746629373905 1.06646 88
1746629419104 1.05673 89
1746629465021 1.06548 90
1746629509115 1.05489 91
1746629553446 1.04761 92
1746629598144 1.04427 93
1746629642544 1.03957 94
1746629686871 1.04066 95
1746629731450 1.03007 96
1746629775615 1.03546 97
1746629819576 1.02911 98
1746629863595 1.03431 99
