1745130955327 0.03958 0
1745130961688 0.07492 1
1745130967951 0.13298 2
1745130974226 0.25521 3
1745130980525 0.33877 4
1745130987046 0.40565 5
1745130993168 0.44268 6
1745130999336 0.44785 7
1745131005529 0.48072 8
1745131011742 0.48253 9
1745131018006 0.4806 10
1745131024341 0.50446 11
1745131030759 0.53459 12
1745131037007 0.54067 13
1745131043171 0.54884 14
1745131049342 0.54675 15
1745131055462 0.54307 16
1745131061734 0.55192 17
1745131067942 0.56567 18
1745131074137 0.54808 19
1745131080587 0.56183 20
1745131086770 0.58322 21
1745131092971 0.59995 22
1745131099155 0.5974 23
1745131105257 0.60594 24
1745131111524 0.60255 25
1745131117599 0.58987 26
1745131124155 0.59925 27
1745131130250 0.59193 28
1745131136583 0.61694 29
1745131142644 0.60584 30
1745131148879 0.61923 31
1745131155008 0.61869 32
1745131161190 0.62041 33
1745131167257 0.63502 34
1745131173589 0.60699 35
1745131179645 0.62072 36
1745131185813 0.61645 37
1745131191896 0.6316 38
1745131198140 0.62902 39
1745131204360 0.62545 40
1745131210518 0.61316 41
1745131216637 0.63994 42
1745131222981 0.64167 43
1745131229178 0.62104 44
1745131235338 0.64782 45
1745131241499 0.6423 46
1745131247604 0.64748 47
1745131253848 0.65772 48
1745131259994 0.62293 49
1745131266410 0.62613 50
1745131272511 0.6436 51
1745131278629 0.64689 52
1745131284894 0.63831 53
