1745130955327 0.0234 0
1745130961688 0.04345 1
1745130967951 0.06791 2
1745130974226 0.1264 3
1745130980525 0.16994 4
1745130987046 0.20002 5
1745130993168 0.23024 6
1745130999336 0.22659 7
1745131005529 0.24984 8
1745131011742 0.25206 9
1745131018006 0.25315 10
1745131024341 0.26525 11
1745131030759 0.28447 12
1745131037007 0.29456 13
1745131043171 0.29566 14
1745131049342 0.29325 15
1745131055462 0.29086 16
1745131061734 0.28474 17
1745131067942 0.30451 18
1745131074137 0.29502 19
1745131080587 0.31048 20
1745131086770 0.31615 21
1745131092971 0.3311 22
1745131099155 0.31814 23
1745131105257 0.32353 24
1745131111524 0.32513 25
1745131117599 0.33244 26
1745131124155 0.32333 27
1745131130250 0.31962 28
1745131136583 0.33793 29
1745131142644 0.32663 30
1745131148879 0.34294 31
1745131155008 0.34202 32
1745131161190 0.34418 33
1745131167257 0.35949 34
1745131173589 0.33804 35
1745131179645 0.33465 36
1745131185813 0.33822 37
1745131191896 0.35412 38
1745131198140 0.35193 39
1745131204360 0.34638 40
1745131210518 0.33511 41
1745131216637 0.35111 42
1745131222981 0.3531 43
1745131229178 0.33908 44
1745131235338 0.36052 45
1745131241499 0.358 46
1745131247604 0.3559 47
1745131253848 0.36402 48
1745131259994 0.36047 49
1745131266410 0.35432 50
1745131272511 0.35569 51
1745131278629 0.36195 52
1745131284894 0.35153 53
