1745130955327 0.01285 0
1745130961688 0.01205 1
1745130967951 0.90212 2
1745130974226 0.57402 3
1745130980525 0.4961 4
1745130987046 0.51313 5
1745130993168 0.56108 6
1745130999336 0.61679 7
1745131005529 0.66271 8
1745131011742 0.62969 9
1745131018006 0.57992 10
1745131024341 0.61055 11
1745131030759 0.6838 12
1745131037007 0.70333 13
1745131043171 0.64385 14
1745131049342 0.63139 15
1745131055462 0.67807 16
1745131061734 0.7033 17
1745131067942 0.72058 18
1745131074137 0.65141 19
1745131080587 0.67986 20
1745131086770 0.7646 21
1745131092971 0.7265 22
1745131099155 0.68537 23
1745131105257 0.72124 24
1745131111524 0.66779 25
1745131117599 0.67741 26
1745131124155 0.70802 27
1745131130250 0.716 28
1745131136583 0.67996 29
1745131142644 0.74385 30
1745131148879 0.70461 31
1745131155008 0.67634 32
1745131161190 0.73095 33
1745131167257 0.73582 34
1745131173589 0.69207 35
1745131179645 0.7534 36
1745131185813 0.72233 37
1745131191896 0.73109 38
1745131198140 0.75114 39
1745131204360 0.72066 40
1745131210518 0.66263 41
1745131216637 0.72001 42
1745131222981 0.7579 43
1745131229178 0.73984 44
1745131235338 0.77218 45
1745131241499 0.75282 46
1745131247604 0.73887 47
1745131253848 0.71361 48
1745131259994 0.71101 49
1745131266410 0.7421 50
1745131272511 0.76318 51
1745131278629 0.76509 52
1745131284894 0.7409 53
