1745130955327 0.13674 0
1745130961688 0.21379 1
1745130967951 0.03393 2
1745130974226 0.2132 3
1745130980525 0.35391 4
1745130987046 0.40628 5
1745130993168 0.4157 6
1745130999336 0.39573 7
1745131005529 0.42961 8
1745131011742 0.46932 9
1745131018006 0.45325 10
1745131024341 0.47565 11
1745131030759 0.49405 12
1745131037007 0.4773 13
1745131043171 0.51995 14
1745131049342 0.50326 15
1745131055462 0.49778 16
1745131061734 0.50056 17
1745131067942 0.53096 18
1745131074137 0.50196 19
1745131080587 0.50584 20
1745131086770 0.51647 21
1745131092971 0.54065 22
1745131099155 0.52187 23
1745131105257 0.56976 24
1745131111524 0.56693 25
1745131117599 0.56216 26
1745131124155 0.54561 27
1745131130250 0.53587 28
1745131136583 0.59032 29
1745131142644 0.5484 30
1745131148879 0.57677 31
1745131155008 0.59079 32
1745131161190 0.56613 33
1745131167257 0.57786 34
1745131173589 0.58859 35
1745131179645 0.55245 36
1745131185813 0.57469 37
1745131191896 0.56177 38
1745131198140 0.57736 39
1745131204360 0.57318 40
1745131210518 0.58871 41
1745131216637 0.57245 42
1745131222981 0.58431 43
1745131229178 0.55663 44
1745131235338 0.56663 45
1745131241499 0.58475 46
1745131247604 0.59497 47
1745131253848 0.60872 48
1745131259994 0.58744 49
1745131266410 0.56505 50
1745131272511 0.58585 51
1745131278629 0.58633 52
1745131284894 0.59343 53
