1746610910450 0.35526 0
1746610948000 0.36463 1
1746610984163 0.41302 2
1746611020212 0.41862 3
1746611056723 0.45425 4
1746611092442 0.48272 5
1746611128247 0.46531 6
1746611164308 0.48022 7
1746611201037 0.48729 8
1746611237343 0.50731 9
1746611273334 0.4958 10
1746611308940 0.50559 11
1746611345071 0.52153 12
1746611381067 0.50433 13
1746611416812 0.51825 14
1746611452360 0.52268 15
1746611487911 0.52152 16
1746611523474 0.52855 17
1746611559119 0.5321 18
1746611594654 0.55165 19
1746611630901 0.5343 20
1746611666775 0.54792 21
1746611702390 0.55194 22
1746611737953 0.55878 23
1746611773740 0.54485 24
1746611810530 0.55567 25
1746611846422 0.55743 26
1746611882218 0.56318 27
1746611918322 0.55011 28
1746611954957 0.56641 29
1746611990777 0.56136 30
1746612026419 0.56242 31
1746612062044 0.56863 32
1746612097821 0.56254 33
1746612133374 0.5624 34
1746612169056 0.56171 35
1746612204889 0.57712 36
1746612240787 0.56858 37
1746612276673 0.57586 38
1746612312312 0.57128 39
1746612348015 0.57617 40
1746612383667 0.56742 41
1746612419117 0.58 42
1746612455185 0.57359 43
1746612490851 0.5813 44
1746612526499 0.57633 45
1746612562127 0.5826 46
1746612598399 0.58102 47
1746612634304 0.58232 48
1746612670027 0.58666 49
1746612706504 0.58853 50
1746612742301 0.58679 51
1746612777898 0.58618 52
1746612814187 0.58883 53
1746612850285 0.59333 54
1746612886235 0.59574 55
1746612922052 0.58947 56
1746612957754 0.59006 57
1746612993382 0.58526 58
1746613029881 0.58705 59
1746613067764 0.58545 60
1746613103500 0.58929 61
1746613139608 0.59371 62
1746613175518 0.59802 63
1746613211439 0.59827 64
1746613247085 0.60009 65
1746613282718 0.59399 66
1746613318412 0.59355 67
1746613354124 0.59415 68
1746613389778 0.59797 69
1746613425696 0.59465 70
1746613461610 0.59697 71
1746613498630 0.5922 72
1746613534933 0.59833 73
1746613570849 0.59555 74
1746613606950 0.6034 75
1746613642779 0.59836 76
1746613678458 0.60242 77
1746613713948 0.59677 78
1746613750226 0.6023 79
1746613786919 0.6005 80
1746613822706 0.59887 81
1746613858646 0.59776 82
1746613894907 0.60205 83
1746613930672 0.60194 84
1746613966719 0.60678 85
1746614003606 0.60305 86
1746614039359 0.60343 87
1746614075319 0.60024 88
1746614111297 0.60234 89
1746614148476 0.59663 90
1746614184531 0.60321 91
1746614220246 0.59752 92
1746614255729 0.59979 93
1746614291153 0.60164 94
1746614326541 0.60261 95
1746614333801 0.6067892029880062 95
