1746610910450 0.59443 0
1746610948000 0.61144 1
1746610984163 0.67872 2
1746611020212 0.68386 3
1746611056723 0.73423 4
1746611092442 0.75087 5
1746611128247 0.73393 6
1746611164308 0.76076 7
1746611201037 0.75659 8
1746611237343 0.77777 9
1746611273334 0.77466 10
1746611308940 0.78063 11
1746611345071 0.79718 12
1746611381067 0.77267 13
1746611416812 0.79369 14
1746611452360 0.78901 15
1746611487911 0.79984 16
1746611523474 0.795 17
1746611559119 0.79084 18
1746611594654 0.80919 19
1746611630901 0.80308 20
1746611666775 0.80797 21
1746611702390 0.80871 22
1746611737953 0.81415 23
1746611773740 0.81031 24
1746611810530 0.81139 25
1746611846422 0.81898 26
1746611882218 0.82323 27
1746611918322 0.80235 28
1746611954957 0.8234 29
1746611990777 0.82773 30
1746612026419 0.82695 31
1746612062044 0.82216 32
1746612097821 0.81295 33
1746612133374 0.82317 34
1746612169056 0.81007 35
1746612204889 0.83112 36
1746612240787 0.82582 37
1746612276673 0.83739 38
1746612312312 0.82119 39
1746612348015 0.83492 40
1746612383667 0.82389 41
1746612419117 0.8303 42
1746612455185 0.82672 43
1746612490851 0.8297 44
1746612526499 0.83142 45
1746612562127 0.83245 46
1746612598399 0.82985 47
1746612634304 0.83249 48
1746612670027 0.83379 49
1746612706504 0.83402 50
1746612742301 0.82811 51
1746612777898 0.83329 52
1746612814187 0.83731 53
1746612850285 0.84708 54
1746612886235 0.84258 55
1746612922052 0.83801 56
1746612957754 0.83474 57
1746612993382 0.83225 58
1746613029881 0.8314 59
1746613067764 0.83522 60
1746613103500 0.8325 61
1746613139608 0.833 62
1746613175518 0.83965 63
1746613211439 0.84373 64
1746613247085 0.8386 65
1746613282718 0.83951 66
1746613318412 0.84128 67
1746613354124 0.83696 68
1746613389778 0.83733 69
1746613425696 0.83101 70
1746613461610 0.84145 71
1746613498630 0.82808 72
1746613534933 0.83787 73
1746613570849 0.83607 74
1746613606950 0.83599 75
1746613642779 0.8432 76
1746613678458 0.83635 77
1746613713948 0.83611 78
1746613750226 0.8389 79
1746613786919 0.83986 80
1746613822706 0.83244 81
1746613858646 0.82887 82
1746613894907 0.83314 83
1746613930672 0.83406 84
1746613966719 0.83835 85
1746614003606 0.83688 86
1746614039359 0.83163 87
1746614075319 0.83318 88
1746614111297 0.83432 89
1746614148476 0.82893 90
1746614184531 0.83587 91
1746614220246 0.82965 92
1746614255729 0.8299 93
1746614291153 0.83449 94
1746614326541 0.83046 95
1746614333801 0.8377636367797351 95
