1746610910450 0.68809 0
1746610948000 0.67947 1
1746610984163 0.73045 2
1746611020212 0.73294 3
1746611056723 0.7661 4
1746611092442 0.82322 5
1746611128247 0.77439 6
1746611164308 0.80808 7
1746611201037 0.80088 8
1746611237343 0.82617 9
1746611273334 0.81758 10
1746611308940 0.79319 11
1746611345071 0.82493 12
1746611381067 0.80242 13
1746611416812 0.80647 14
1746611452360 0.82215 15
1746611487911 0.81752 16
1746611523474 0.85068 17
1746611559119 0.83599 18
1746611594654 0.86049 19
1746611630901 0.79301 20
1746611666775 0.81942 21
1746611702390 0.8328 22
1746611737953 0.85449 23
1746611773740 0.85648 24
1746611810530 0.84328 25
1746611846422 0.83876 26
1746611882218 0.86398 27
1746611918322 0.82593 28
1746611954957 0.86045 29
1746611990777 0.84785 30
1746612026419 0.86629 31
1746612062044 0.85257 32
1746612097821 0.84479 33
1746612133374 0.85053 34
1746612169056 0.82927 35
1746612204889 0.85371 36
1746612240787 0.87786 37
1746612276673 0.85886 38
1746612312312 0.8651 39
1746612348015 0.86786 40
1746612383667 0.86317 41
1746612419117 0.88142 42
1746612455185 0.87844 43
1746612490851 0.8629 44
1746612526499 0.86982 45
1746612562127 0.86542 46
1746612598399 0.86752 47
1746612634304 0.86943 48
1746612670027 0.8792 49
1746612706504 0.8791 50
1746612742301 0.86071 51
1746612777898 0.87341 52
1746612814187 0.88684 53
1746612850285 0.86832 54
1746612886235 0.8864 55
1746612922052 0.88635 56
1746612957754 0.88237 57
1746612993382 0.87669 58
1746613029881 0.8772 59
1746613067764 0.88884 60
1746613103500 0.87236 61
1746613139608 0.88655 62
1746613175518 0.8815 63
1746613211439 0.88589 64
1746613247085 0.89797 65
1746613282718 0.87656 66
1746613318412 0.87843 67
1746613354124 0.89039 68
1746613389778 0.88948 69
1746613425696 0.88211 70
1746613461610 0.8856 71
1746613498630 0.86792 72
1746613534933 0.88434 73
1746613570849 0.88714 74
1746613606950 0.884 75
1746613642779 0.89175 76
1746613678458 0.88251 77
1746613713948 0.87454 78
1746613750226 0.88336 79
1746613786919 0.8829 80
1746613822706 0.87948 81
1746613858646 0.89195 82
1746613894907 0.88741 83
1746613930672 0.8846 84
1746613966719 0.88252 85
1746614003606 0.89023 86
1746614039359 0.89137 87
1746614075319 0.88669 88
1746614111297 0.88637 89
1746614148476 0.89208 90
1746614184531 0.89083 91
1746614220246 0.89132 92
1746614255729 0.87722 93
1746614291153 0.8949 94
1746614326541 0.88276 95
1746614333801 0.8814040599858807 95
