1746610910450 0.52573 0
1746610948000 0.57817 1
1746610984163 0.64385 2
1746611020212 0.62897 3
1746611056723 0.70526 4
1746611092442 0.7239 5
1746611128247 0.69003 6
1746611164308 0.72449 7
1746611201037 0.711 8
1746611237343 0.73114 9
1746611273334 0.72391 10
1746611308940 0.76022 11
1746611345071 0.74247 12
1746611381067 0.75522 13
1746611416812 0.74743 14
1746611452360 0.76099 15
1746611487911 0.75745 16
1746611523474 0.74283 17
1746611559119 0.75701 18
1746611594654 0.7728 19
1746611630901 0.78058 20
1746611666775 0.78202 21
1746611702390 0.80354 22
1746611737953 0.78306 23
1746611773740 0.7769 24
1746611810530 0.76736 25
1746611846422 0.76693 26
1746611882218 0.77971 27
1746611918322 0.78239 28
1746611954957 0.78901 29
1746611990777 0.79506 30
1746612026419 0.79494 31
1746612062044 0.79833 32
1746612097821 0.79629 33
1746612133374 0.8082 34
1746612169056 0.79545 35
1746612204889 0.80876 36
1746612240787 0.78903 37
1746612276673 0.80325 38
1746612312312 0.77881 39
1746612348015 0.80973 40
1746612383667 0.79499 41
1746612419117 0.80094 42
1746612455185 0.79736 43
1746612490851 0.79645 44
1746612526499 0.79449 45
1746612562127 0.80794 46
1746612598399 0.8018 47
1746612634304 0.8089 48
1746612670027 0.80983 49
1746612706504 0.80229 50
1746612742301 0.81543 51
1746612777898 0.80758 52
1746612814187 0.81402 53
1746612850285 0.82599 54
1746612886235 0.80737 55
1746612922052 0.81205 56
1746612957754 0.79882 57
1746612993382 0.81587 58
1746613029881 0.81931 59
1746613067764 0.81014 60
1746613103500 0.80744 61
1746613139608 0.81241 62
1746613175518 0.82117 63
1746613211439 0.81864 64
1746613247085 0.80302 65
1746613282718 0.8274 66
1746613318412 0.81613 67
1746613354124 0.81102 68
1746613389778 0.80726 69
1746613425696 0.80015 70
1746613461610 0.81751 71
1746613498630 0.8119 72
1746613534933 0.80848 73
1746613570849 0.81535 74
1746613606950 0.80969 75
1746613642779 0.82498 76
1746613678458 0.81864 77
1746613713948 0.82491 78
1746613750226 0.81361 79
1746613786919 0.8226 80
1746613822706 0.81446 81
1746613858646 0.80805 82
1746613894907 0.81755 83
1746613930672 0.8239 84
1746613966719 0.8275 85
1746614003606 0.82502 86
1746614039359 0.81957 87
1746614075319 0.82292 88
1746614111297 0.8274 89
1746614148476 0.81695 90
1746614184531 0.82543 91
1746614220246 0.81437 92
1746614255729 0.8282 93
1746614291153 0.82656 94
1746614326541 0.82417 95
1746614333801 0.8270753022813483 95
