1746625411233 0.00022111172161172162 0
1746625457451 0.0004390549489010989 1
1746625502680 0.0006525959761904761 2
1746625547690 0.0006471900999999999 3
1746625592825 0.0006405867999999999 4
1746625637800 0.0006339834999999999 5
1746625682810 0.0006273801999999999 6
1746625727964 0.0006207769 7
1746625772899 0.0006141736 8
1746625817969 0.0006075703 9
1746625863250 0.000600967 10
1746625908288 0.0005943637 11
1746625953171 0.0005877603999999999 12
1746625998297 0.0005811570999999999 13
1746626043636 0.0005745538 14
1746626089109 0.0005679505 15
1746626134122 0.0005613472 16
1746626179504 0.0005547439 17
1746626224217 0.0005481406 18
1746626269462 0.0005415373 19
1746626314177 0.000534934 20
1746626359577 0.0005283306999999999 21
1746626404261 0.0005217274 22
1746626449222 0.0005151241 23
1746626494362 0.0005085208 24
1746626538904 0.0005019174999999999 25
1746626584219 0.0004953142 26
1746626629606 0.0004887108999999999 27
1746626674321 0.00048210759999999994 28
1746626719714 0.00047550429999999996 29
1746626765059 0.0004689009999999999 30
1746626809542 0.00046229769999999994 31
1746626854212 0.0004556943999999999 32
1746626899178 0.0004490910999999999 33
1746626944094 0.0004424877999999999 34
1746626988929 0.00043588449999999994 35
1746627033975 0.0004292812 36
1746627078815 0.0004226779 37
1746627123745 0.0004160746 38
1746627168795 0.00040947129999999995 39
1746627213563 0.00040286799999999997 40
1746627258177 0.00039626470000000003 41
1746627302993 0.0003896614 42
1746627347953 0.0003830581 43
1746627392803 0.00037645479999999997 44
1746627437542 0.0003698515 45
1746627483402 0.0003632482 46
1746627528121 0.0003566449 47
1746627572899 0.0003500416 48
1746627618587 0.0003434383 49
1746627663231 0.00033683499999999996 50
1746627707986 0.00033023169999999997 51
1746627753091 0.00032362839999999993 52
1746627797715 0.0003170251 53
1746627842542 0.00031042179999999996 54
1746627888109 0.0003038184999999999 55
1746627932924 0.00029721519999999994 56
1746627977756 0.0002906119 57
1746628022818 0.0002840086 58
1746628067845 0.0002774053 59
1746628114569 0.000270802 60
1746628158976 0.00026419869999999996 61
1746628204299 0.0002575954 62
1746628249132 0.0002509921 63
1746628293951 0.0002443888 64
1746628340141 0.00023778549999999997 65
1746628384832 0.00023118219999999996 66
1746628429360 0.00022457889999999994 67
1746628474127 0.00021797559999999996 68
1746628519197 0.00021137230000000003 69
1746628564462 0.00020476900000000002 70
1746628609583 0.0001981657 71
1746628654019 0.0001915624 72
1746628698861 0.0001849591 73
1746628743738 0.0001783558 74
1746628788831 0.00017175249999999999 75
1746628833630 0.00016514919999999997 76
1746628880678 0.0001585459 77
1746628925383 0.00015194259999999998 78
1746628969843 0.00014533929999999997 79
1746629014439 0.00013873599999999995 80
1746629059022 0.00013213269999999994 81
1746629104216 0.00012552940000000004 82
1746629149298 0.00011892610000000001 83
1746629194391 0.00011232280000000003 84
1746629239029 0.00010571950000000002 85
1746629283975 9.91162e-05 86
1746629328893 9.25129e-05 87
1746629373905 8.59096e-05 88
1746629419104 7.930629999999998e-05 89
1746629465021 7.270299999999997e-05 90
1746629509115 6.609969999999997e-05 91
1746629553446 5.949639999999997e-05 92
1746629598144 5.2893099999999956e-05 93
1746629642544 4.6289800000000026e-05 94
1746629686871 3.968650000000003e-05 95
1746629731450 3.308320000000002e-05 96
1746629775615 2.6479900000000017e-05 97
1746629819576 1.9876600000000012e-05 98
1746629863595 1.3273300000000004e-05 99
